573924 2.62 3.25 2.70 2.62 3.25 2.70 2.45 3.15 2.60 2.50 3.05 2.60 2.70 3.20 2.62 2.62 3.20 2.70 2.60 3.20 2.75 2.60 3.00 2.88 2.65 3.10 2.65 2.65 3.10 2.65 2.90 3.15 2.55 2.60 3.20 2.80 2.90 3.12 2.62 2.70 3.25 2.75 2.95 3.10 2.45 2.60 3.20 2.80 2.60 3.10 2.65 2.62 3.20 2.80 2.80 3.20 2.75 2.70 3.25 2.82 1 2 1 1480442400
612668 3.00 2.80 2.50 1.61 3.20 6.50 2.77 2.95 2.40 1.60 3.50 4.72 3.10 3.00 2.40 1.67 3.30 6.00 3.20 3.00 2.40 1.60 3.60 6.00 3.25 2.90 2.20 1.60 3.20 5.75 2.95 2.85 2.55 2.80 2.85 2.65 3.40 3.00 2.25 1.65 3.25 6.25 3.10 3.10 2.20 1.70 3.25 5.00 3.10 2.88 2.40 1.67 3.25 6.50 3.05 2.90 2.38 1.65 3.25 5.60 1 1 0 1480514400
626978 2.50 3.20 2.62 3.10 3.20 2.15 0 0 0 0 0 0 2.50 3.10 2.80 3.10 3.10 2.38 2.50 3.20 2.63 3.40 3.10 2.25 2.45 3.10 2.65 2.90 3.05 2.25 2.55 3.10 2.70 3.00 3.15 2.30 2.45 3.10 2.55 2.88 3.10 2.25 2.50 3.20 2.60 2.70 3.20 2.40 2.90 3.00 2.25 2.88 3.00 2.30 2.50 3.10 2.62 2.90 3.15 2.20 1 1 1 1480518000
573926 2.87 3.20 2.50 2.60 3.00 2.90 2.55 3.05 2.55 2.40 3.05 2.70 2.90 3.25 2.40 2.50 3.10 2.90 2.88 3.20 2.50 2.45 3.20 3.00 2.65 3.10 2.65 2.65 3.10 2.65 3.10 3.20 2.40 2.65 3.10 2.85 3.12 3.20 2.45 2.50 3.25 3.00 3.00 3.10 2.40 2.50 3.20 2.95 2.80 3.00 2.50 2.60 3.10 3.00 2.95 3.30 2.55 2.62 3.30 2.90 0 0 1 1480528800
612666 2.50 3.00 2.80 3.10 3.00 2.30 2.50 3.00 2.60 3.00 2.95 2.25 2.50 3.10 2.90 3.25 2.90 2.40 2.45 3.10 3.00 3.40 3.00 2.30 2.50 2.90 2.75 3.10 2.85 2.30 2.55 3.00 2.80 3.20 2.90 2.35 2.50 3.00 2.90 3.20 2.90 2.38 2.50 3.00 2.70 2.90 2.95 2.40 2.80 2.90 2.55 3.25 3.00 2.35 2.50 3.00 2.75 3.20 2.90 2.30 0 2 1 1480604400
573666 2.30 3.20 3.00 2.30 3.20 3.00 0 0 0 0 0 0 2.80 3.25 2.50 2.30 3.20 3.10 3.00 3.00 2.50 2.38 3.20 3.00 2.70 2.95 2.50 2.30 3.05 2.90 2.80 3.10 2.50 2.35 3.15 3.00 2.88 3.20 2.50 2.30 3.25 3.12 2.75 3.20 2.50 2.40 3.20 2.85 2.75 3.00 2.45 2.30 3.00 3.00 2.80 3.00 2.45 2.25 3.10 3.00 0 0 1 1480698000
596604 2.60 3.00 2.75 2.60 3.00 2.75 2.48 3.18 2.50 2.68 3.00 2.45 2.62 3.20 2.70 2.80 3.00 2.62 2.63 3.20 2.70 2.75 3.20 2.63 2.60 3.20 2.60 2.60 3.20 2.60 2.60 3.10 2.65 2.75 3.00 2.60 2.70 3.20 2.75 2.80 3.20 2.62 2.60 3.20 2.60 2.85 3.10 2.60 2.60 3.00 2.65 2.75 2.88 2.62 2.60 3.15 2.67 2.75 3.05 2.65 1 0 0 1480699800
576169 2.70 3.30 2.40 2.70 3.30 2.40 0 0 0 0 0 0 2.30 3.40 2.90 3.25 3.50 2.10 2.40 3.40 2.80 3.30 3.50 2.05 2.50 3.10 2.60 3.00 3.10 2.20 2.40 3.25 2.70 3.00 3.35 2.15 2.45 3.40 2.70 3.20 3.50 2.10 2.55 3.10 2.55 3.00 3.10 2.20 2.20 3.25 2.90 3.10 3.25 2.10 2.38 3.20 2.70 3.05 3.30 2.10 1 1 3 1480699800
615856 2.75 3.00 2.50 2.50 3.00 2.87 2.52 2.98 2.55 2.50 2.95 2.60 2.70 3.10 2.62 2.50 2.90 3.00 2.80 3.00 2.70 2.45 3.00 3.10 2.60 2.80 2.80 2.60 2.80 2.80 3.00 3.00 2.60 2.55 2.95 3.10 2.90 3.00 2.70 2.55 2.88 3.20 2.85 2.95 2.55 2.55 3.00 3.00 2.70 3.00 2.62 2.45 2.88 3.00 2.75 2.90 2.55 2.38 2.88 3.00 0 0 1 1480707000
574809 2.50 3.25 2.40 2.87 3.20 2.50 0 0 0 0 0 0 2.45 3.50 2.55 2.80 3.10 2.60 2.50 3.30 2.75 3.10 3.30 2.30 2.40 3.15 2.65 2.70 3.10 2.40 2.45 3.25 2.70 2.75 3.15 2.45 2.55 3.30 2.80 2.80 3.25 2.55 2.40 3.20 2.65 2.75 3.00 2.40 2.45 3.30 2.65 2.88 3.20 2.55 2.40 3.30 2.70 2.70 3.15 2.45 0 1 0 1480707900
580328 2.60 3.00 2.70 2.80 3.20 2.37 0 0 0 0 0 0 2.62 3.20 2.70 2.80 3.30 2.40 2.55 3.30 2.70 2.80 3.40 2.40 2.50 3.00 2.65 2.70 3.10 2.35 2.55 3.10 2.65 2.75 3.20 2.40 2.60 3.20 2.75 2.88 3.40 2.40 2.50 3.20 2.60 2.60 3.25 2.45 2.55 3.00 2.62 2.80 3.10 2.38 2.50 3.10 2.62 2.70 3.15 2.40 0 1 0 1480773600
577749 2.50 3.20 2.87 2.75 3.20 2.75 2.35 3.20 2.63 2.55 3.15 2.45 2.40 3.40 2.80 2.75 3.20 2.62 2.40 3.25 3.00 2.90 3.25 2.70 2.50 3.05 2.65 2.60 3.00 2.55 2.35 3.15 2.95 2.50 3.20 2.80 2.55 3.30 2.60 2.90 3.25 2.70 2.40 3.20 2.85 2.60 3.10 2.65 2.62 3.25 2.62 2.75 3.20 2.70 2.45 3.25 3.05 2.82 3.25 2.70 1 1 1 1480777200
627787 2.40 3.40 2.62 2.80 3.30 2.50 2.48 3.27 2.45 2.55 3.15 2.45 2.62 3.40 2.62 2.80 3.20 2.50 2.80 3.40 2.40 2.80 3.50 2.60 2.45 3.30 2.50 2.65 3.20 2.40 2.45 3.35 2.65 2.70 3.30 2.45 2.45 3.40 2.62 2.88 3.50 2.55 2.60 3.30 2.60 2.85 3.30 2.40 2.50 3.20 2.65 2.80 3.40 2.50 2.38 3.25 2.55 2.82 3.40 2.55 1 0 0 1480777200
574251 2.62 3.10 2.60 2.60 3.30 2.70 2.50 3.23 2.45 2.48 3.15 2.52 2.80 3.30 2.50 2.70 3.30 2.60 2.75 3.30 2.50 2.63 3.30 2.60 2.60 3.20 2.50 2.60 3.20 2.50 2.70 3.25 2.45 2.60 3.20 2.70 3.00 3.30 2.50 2.75 3.40 2.62 2.50 3.30 2.50 2.50 3.30 2.50 2.70 3.25 2.45 2.62 3.30 2.75 2.70 3.20 2.45 2.55 3.25 2.60 1 1 1 1480777200
574252 2.60 3.10 2.60 2.80 3.10 2.60 2.65 3.18 2.35 2.65 3.18 2.35 2.60 3.30 2.70 2.70 3.20 2.62 2.50 3.30 2.75 2.75 3.30 2.50 2.70 3.20 2.40 2.70 3.20 2.40 2.45 3.25 2.70 2.70 3.20 2.60 2.50 3.30 3.00 2.75 3.30 2.70 2.45 3.25 2.60 2.50 3.30 2.50 2.45 3.25 2.70 2.75 3.25 2.60 2.60 3.20 2.62 2.62 3.20 2.55 0 2 0 1480777200
575438 2.60 3.10 2.62 2.62 3.10 2.60 2.48 3.15 2.48 2.60 3.10 2.40 2.50 3.30 2.80 2.80 3.25 2.50 2.60 3.30 2.63 2.80 3.30 2.45 2.50 3.10 2.60 2.55 3.05 2.55 2.50 3.15 2.70 2.75 3.15 2.50 2.50 3.40 2.80 2.88 3.30 2.50 2.50 3.25 2.75 2.70 3.25 2.70 2.70 3.10 2.50 2.80 3.10 2.45 2.40 3.20 2.70 2.75 3.30 2.65 1 1 2 1480777200
577752 2.40 3.20 3.00 2.80 3.10 2.80 2.35 3.20 2.63 2.55 3.00 2.55 2.40 3.20 3.00 2.88 3.00 2.62 2.38 3.25 3.00 2.90 3.20 2.75 2.40 3.05 2.75 2.70 2.90 2.55 2.40 3.10 2.90 2.70 3.15 2.60 2.50 3.25 2.70 2.90 3.25 2.70 2.40 3.20 2.85 2.85 3.10 2.65 2.80 3.25 2.50 2.75 3.10 2.80 2.50 3.30 2.95 2.88 3.05 2.70 0 2 0 1480786200
611325 2.40 3.10 3.10 2.62 3.20 2.60 2.25 3.20 2.72 2.50 3.05 2.50 2.40 3.25 3.00 2.75 3.10 2.62 2.38 3.20 3.00 2.70 3.25 2.60 2.40 3.20 2.85 2.40 3.20 2.85 2.35 3.10 3.00 2.65 3.10 2.60 2.30 3.25 3.12 2.75 3.20 2.60 2.40 3.25 2.80 2.65 3.20 2.55 2.35 3.10 2.90 2.62 3.20 2.70 2.40 3.30 3.15 2.75 3.30 2.70 1 2 3 1480847400
576331 2.50 3.30 2.60 2.50 3.30 2.60 2.38 3.30 2.50 2.55 3.10 2.45 2.50 3.50 2.62 2.70 3.30 2.50 2.50 3.50 2.63 2.60 3.50 2.55 2.50 3.40 2.60 2.50 3.40 2.60 2.45 3.40 2.60 2.55 3.35 2.55 2.50 3.50 2.70 2.70 3.50 2.50 2.55 3.20 2.55 2.55 3.20 2.55 2.50 3.30 2.60 2.55 3.30 2.50 2.45 3.30 2.55 2.50 3.25 2.50 1 1 1 1480855500
610522 2.60 3.40 2.62 3.00 3.50 2.37 2.68 3.20 2.35 2.85 3.15 2.25 2.40 3.30 2.90 2.80 3.30 2.40 2.45 2.90 3.25 3.00 3.40 2.38 2.65 3.10 2.65 2.75 3.20 2.50 2.50 3.30 2.85 2.85 3.30 2.50 2.50 3.10 3.12 2.90 3.40 2.55 2.55 3.10 2.80 2.90 3.30 2.50 2.38 3.10 2.88 2.90 3.40 2.45 2.62 3.40 2.80 2.90 3.40 2.55 0 2 0 1480860000
627796 3.30 3.30 2.05 2.87 3.20 2.50 3.10 3.40 2.00 2.60 3.00 2.50 3.30 3.50 2.10 2.50 3.25 2.80 3.40 3.40 2.10 2.63 3.40 2.90 3.25 3.25 2.05 2.60 3.05 2.50 3.35 3.35 2.05 2.55 3.15 2.70 3.40 3.40 2.05 2.62 3.30 2.88 3.50 3.40 2.05 2.70 3.20 2.60 3.30 3.30 2.05 2.80 3.40 2.55 3.30 3.25 1.95 2.67 3.40 2.70 1 4 0 1480860000
609698 2.40 3.00 3.00 2.87 3.00 2.50 2.25 3.10 2.85 2.78 3.00 2.35 2.30 3.20 3.20 2.90 2.90 2.62 2.20 3.10 3.50 2.90 3.00 2.60 2.40 3.10 2.95 2.40 3.10 2.95 2.35 3.10 3.05 2.70 3.05 2.65 2.30 3.00 3.60 2.88 3.12 2.60 2.40 3.10 2.90 2.90 3.00 2.50 2.10 3.10 3.40 2.80 3.10 2.60 2.30 3.05 3.00 2.82 3.05 2.45 1 1 1 1480874400
618684 2.20 3.10 3.20 2.62 2.90 2.75 2.25 3.05 2.90 2.55 3.00 2.55 2.40 3.00 3.20 2.80 2.90 2.70 2.10 3.10 3.20 2.75 3.10 2.63 2.10 3.10 3.25 2.60 2.85 2.65 2.15 3.15 3.30 2.75 2.95 2.65 2.20 3.10 3.60 2.75 3.12 2.70 2.25 3.10 2.90 2.55 2.95 2.65 2.55 2.88 2.88 2.70 2.90 2.65 2.25 3.00 3.05 2.67 2.90 2.60 0 2 0 1480881600
612509 2.40 3.50 2.60 2.60 3.40 2.45 2.40 3.25 2.55 2.70 3.15 2.35 2.40 3.50 2.70 2.62 3.50 2.50 2.40 3.20 2.60 2.80 3.30 2.45 2.40 3.15 2.55 2.60 3.15 2.35 2.40 3.25 2.60 2.65 3.25 2.40 2.50 3.30 2.75 2.60 3.50 2.55 2.40 3.25 2.65 2.65 3.20 2.45 2.38 3.40 2.55 2.60 3.30 2.40 2.40 3.30 2.65 2.70 3.20 2.40 1 2 6 1480881600
621995 2.75 3.20 2.62 2.80 3.00 2.87 2.55 3.13 2.50 2.55 2.90 2.70 2.70 3.10 2.70 2.80 3.00 2.88 2.55 3.40 2.63 2.90 2.90 3.00 2.65 3.30 2.65 2.85 2.85 2.85 2.65 3.20 2.70 2.85 2.90 2.90 2.75 3.10 2.60 2.80 3.00 2.90 2.95 3.35 2.30 2.75 2.95 2.90 2.60 3.10 2.65 2.90 2.90 2.88 5.50 3.75 1.61 2.88 2.90 2.95 0 1 3 1479843900
621983 2.62 3.20 2.75 3.80 3.10 2.20 2.52 3.15 2.52 3.18 3.05 2.15 2.62 3.10 2.70 3.60 3.20 2.25 2.40 3.20 3.00 3.80 3.20 2.25 2.60 3.25 2.75 3.15 3.30 2.30 2.50 3.10 2.95 3.60 3.15 2.20 2.50 3.25 2.75 3.90 3.12 2.20 2.45 3.25 2.80 3.60 3.10 2.20 2.55 3.00 2.80 3.70 3.10 2.25 2.40 3.20 2.90 3.75 3.15 2.25 1 0 0 1479843900
578300 2.00 3.20 3.20 2.75 3.00 2.75 2.40 3.20 2.58 2.45 3.00 2.66 2.30 3.20 3.20 2.80 3.10 2.62 2.25 3.20 3.25 2.90 3.20 2.75 2.40 3.00 2.80 2.60 2.95 2.60 2.25 3.15 3.20 2.70 3.05 2.65 2.25 3.20 3.40 2.88 3.25 2.60 2.40 3.10 2.75 2.40 3.10 2.75 2.25 3.00 3.30 2.90 3.10 2.70 2.25 3.20 3.20 2.70 3.05 2.55 1 2 2 1479843900
578297 2.50 3.10 2.50 2.62 3.30 2.62 2.50 3.33 2.40 2.50 3.10 2.55 2.70 3.40 2.40 2.50 3.30 2.70 2.60 3.60 2.50 2.63 3.50 2.80 2.60 3.25 2.40 2.45 3.20 2.60 2.55 3.50 2.45 2.50 3.30 2.65 2.62 3.50 2.60 2.60 3.50 2.70 2.65 3.20 2.45 2.50 3.30 2.55 2.60 3.30 2.50 2.60 3.40 2.80 2.55 3.60 2.50 2.45 3.30 2.60 0 0 2 1479843900
578855 2.50 3.10 2.50 3.10 3.30 2.30 2.50 3.20 2.43 2.90 3.10 2.20 2.40 3.30 2.90 3.10 3.30 2.25 2.20 3.25 3.25 3.20 3.40 2.38 2.35 3.15 2.75 2.95 3.10 2.25 2.20 3.20 3.05 3.00 3.15 2.30 2.30 3.40 3.12 3.20 3.40 2.30 2.20 3.20 3.00 2.85 3.20 2.30 2.15 3.30 3.10 3.20 3.30 2.35 2.10 3.25 3.20 2.95 3.20 2.20 0 1 0 1479843900
578851 2.50 3.10 2.50 2.75 3.40 2.50 2.45 3.25 2.45 2.65 3.10 2.35 2.40 3.40 2.80 2.62 3.30 2.50 2.60 3.40 2.60 2.75 3.50 2.63 2.45 3.20 2.60 2.65 3.20 2.40 2.55 3.30 2.55 2.70 3.25 2.45 2.70 3.40 2.60 2.70 3.50 2.60 2.55 3.20 2.55 2.75 3.20 2.35 2.55 3.25 2.55 2.88 3.40 2.50 2.40 3.30 2.50 2.65 3.20 2.40 1 2 2 1479843900
578852 2.40 3.25 2.50 2.80 3.40 2.45 2.35 3.30 2.53 2.50 3.25 2.40 2.40 3.40 2.80 2.88 3.30 2.40 2.40 3.30 2.90 2.90 3.50 2.55 2.35 3.15 2.70 2.70 3.15 2.35 2.35 3.25 2.80 2.75 3.25 2.40 2.45 3.30 3.00 2.90 3.40 2.45 2.40 3.20 2.70 2.55 3.20 2.55 2.35 3.30 2.80 2.90 3.40 2.50 2.30 3.25 2.80 2.67 3.30 2.35 0 2 0 1479843900
578854 2.60 3.10 2.40 2.80 3.30 2.50 2.50 3.20 2.43 2.60 3.20 2.35 2.62 3.30 2.62 2.75 3.30 2.50 2.50 3.25 2.80 2.88 3.40 2.63 2.50 3.15 2.60 2.65 3.15 2.40 2.45 3.20 2.75 2.70 3.20 2.45 2.62 3.25 2.80 2.75 3.40 2.60 2.50 3.20 2.60 2.65 3.20 2.45 2.45 3.20 2.70 2.88 3.30 2.55 2.40 3.20 2.70 2.65 3.15 2.45 1 1 3 1479843900
627377 2.38 3.30 2.90 2.90 3.30 2.37 2.28 3.32 2.65 2.60 3.20 2.40 2.40 3.30 2.90 3.10 3.30 2.30 2.20 3.40 3.20 3.30 3.40 2.20 2.10 3.30 3.00 2.85 3.15 2.25 2.15 3.45 3.05 3.00 3.25 2.25 2.25 3.40 3.25 3.12 3.40 2.30 2.25 3.30 3.00 2.80 3.30 2.40 2.25 3.25 2.90 3.00 3.30 2.38 2.25 3.20 3.05 3.10 3.25 2.20 0 3 2 1479862800
621911 2.62 3.25 2.70 2.50 3.40 2.87 2.50 3.22 2.50 2.40 3.15 2.65 2.62 3.10 2.70 2.50 3.40 2.90 2.63 3.40 2.55 2.60 3.30 3.00 2.65 3.30 2.65 2.65 3.30 2.65 2.65 3.40 2.65 2.45 3.25 3.00 2.60 3.30 2.60 2.50 3.40 3.00 2.55 3.40 2.60 2.50 3.30 2.90 2.65 3.10 2.60 2.50 3.40 2.90 2.75 3.20 2.55 2.55 3.30 3.00 1 0 0 1479930300
574513 2.60 3.10 2.60 2.37 3.20 2.80 2.55 3.00 2.55 2.40 2.90 2.82 2.62 3.20 2.62 2.40 3.00 3.00 2.60 3.00 2.70 2.50 3.00 3.00 2.70 2.90 2.70 2.70 2.90 2.70 2.65 3.05 2.65 2.75 2.85 2.80 2.75 3.10 2.75 2.50 3.12 3.00 2.70 2.95 2.70 2.55 2.95 2.85 2.80 3.00 2.55 2.55 3.00 2.80 2.60 2.95 2.67 2.50 2.95 2.75 1 3 0 1480100400
579941 2.40 3.50 2.60 2.60 3.30 2.30 2.30 3.40 2.58 2.45 3.40 2.42 2.40 3.50 2.70 2.75 3.30 2.50 2.40 3.40 2.63 2.80 3.25 2.50 2.40 3.30 2.55 2.60 3.30 2.35 2.45 3.40 2.60 2.65 3.35 2.40 2.62 3.60 2.45 2.62 3.50 2.50 2.40 3.20 2.65 2.45 3.20 2.55 2.45 3.40 2.62 2.62 3.40 2.40 2.40 3.30 2.60 2.62 3.30 2.40 0 2 1 1480100400
575881 2.50 3.25 2.60 2.70 3.20 2.45 2.45 3.23 2.50 2.60 3.15 2.40 2.30 3.40 2.90 2.75 3.10 2.62 2.38 3.40 2.88 2.80 3.25 2.50 2.55 3.30 2.50 2.55 3.30 2.50 2.40 3.30 2.75 2.70 3.25 2.50 2.30 3.40 3.12 2.75 3.30 2.60 2.30 3.40 2.85 2.55 3.25 2.60 2.50 3.20 2.65 2.70 3.25 2.60 2.45 3.20 2.65 2.70 3.15 2.45 1 0 1 1480100400
573662 2.87 3.20 2.37 3.60 3.30 2.00 0 0 0 0 0 0 2.50 3.30 2.75 3.80 3.25 2.00 2.45 3.20 2.88 3.70 3.30 2.05 2.70 3.05 2.45 3.40 3.15 2.00 2.50 3.20 2.75 3.70 3.30 1.95 2.60 3.30 2.70 3.90 3.40 1.95 2.40 3.20 2.85 3.60 3.30 2.00 2.80 3.10 2.35 3.30 3.10 2.10 2.70 3.10 2.50 3.30 3.40 1.95 1 0 3 1480102200
581008 2.80 3.20 2.37 2.60 3.10 2.62 0 0 0 0 0 0 2.80 3.40 2.40 2.40 3.30 2.90 2.60 3.40 2.30 2.38 3.40 2.90 2.70 3.25 2.30 2.35 3.15 2.70 2.70 3.30 2.35 2.40 3.20 2.75 2.88 3.40 2.38 2.38 3.40 2.88 2.90 3.10 2.25 2.50 2.95 2.70 2.65 3.10 2.45 2.35 3.10 2.75 2.60 3.40 2.25 2.38 3.25 2.70 1 2 1 1480102200
575155 2.62 3.00 2.62 2.62 3.00 2.62 0 0 0 0 0 0 2.75 3.00 2.70 2.40 2.90 3.25 2.63 3.00 2.50 2.35 2.90 3.40 2.55 2.90 2.55 2.40 2.75 2.85 2.65 2.95 2.60 2.50 2.80 2.95 2.70 2.90 2.60 2.25 2.88 3.25 2.75 2.95 2.65 2.60 2.90 2.85 2.70 2.70 2.65 2.30 2.75 3.20 2.60 3.00 2.50 2.40 2.82 2.85 1 1 0 1480158000
626727 2.87 2.90 2.30 2.50 3.00 2.80 0 0 0 0 0 0 2.80 3.10 2.50 2.50 3.10 2.90 3.00 3.10 2.30 2.45 3.10 2.75 3.00 2.95 2.30 2.40 2.95 2.80 3.00 2.95 2.35 2.45 3.00 2.80 2.90 3.00 2.25 2.40 3.00 2.70 3.10 2.90 2.30 2.60 2.90 2.70 2.90 3.10 2.25 2.45 2.90 2.88 2.90 3.10 2.20 2.40 2.95 2.67 0 0 1 1480161600
578316 2.62 3.40 2.62 2.80 3.30 2.50 2.82 3.25 2.20 2.82 3.25 2.20 2.40 3.30 2.90 2.62 3.30 2.50 2.38 3.40 2.88 2.80 3.50 2.63 2.80 3.15 2.30 2.55 3.15 2.45 2.35 3.30 2.85 2.65 3.25 2.55 2.50 3.40 2.80 2.80 3.50 2.60 2.30 3.20 2.80 2.65 3.20 2.45 2.35 3.20 2.88 2.75 3.40 2.62 2.30 3.25 2.82 2.62 3.25 2.50 1 1 2 1480172400
578310 2.60 3.40 2.62 2.80 3.10 2.62 2.48 3.35 2.40 2.70 3.10 2.35 2.40 3.40 2.80 2.62 3.30 2.62 2.50 3.40 2.70 2.80 3.40 2.70 2.55 3.15 2.50 2.65 3.05 2.45 2.50 3.30 2.65 2.65 3.15 2.60 2.60 3.40 2.70 2.70 3.40 2.75 2.45 3.20 2.65 2.75 3.00 2.50 2.45 3.30 2.65 2.80 3.30 2.60 2.45 3.25 2.62 2.82 3.10 2.40 0 3 0 1480172400
617371 2.25 2.90 3.25 2.90 3.00 2.45 0 0 0 0 0 0 2.30 3.10 3.10 3.00 3.00 2.50 2.20 2.88 3.20 3.25 3.00 2.38 2.15 2.85 3.15 2.90 2.80 2.35 2.20 2.90 3.25 3.00 2.85 2.40 2.15 2.80 3.12 2.80 2.75 2.38 2.20 2.90 3.20 3.20 2.80 2.25 2.45 2.90 2.80 3.00 2.80 2.40 2.20 2.88 3.10 2.95 2.85 2.30 1 0 0 1480172400
597446 2.50 3.30 2.60 2.62 3.40 2.40 0 0 0 0 0 0 2.50 3.40 2.62 2.75 3.20 2.62 2.63 3.40 2.40 2.63 3.40 2.55 2.40 3.10 2.50 2.40 3.10 2.50 2.40 3.35 2.65 2.60 3.30 2.50 2.60 3.40 2.62 2.70 3.40 2.55 2.40 3.20 2.60 2.40 3.20 2.60 2.60 3.30 2.40 2.55 3.30 2.45 2.40 3.30 2.50 2.50 3.20 2.45 1 2 3 1480178700
581011 2.45 3.10 2.75 2.60 3.10 2.62 0 0 0 0 0 0 2.40 3.50 2.75 2.70 3.30 2.60 2.40 3.40 2.50 2.50 3.50 2.45 2.40 3.25 2.60 2.50 3.10 2.55 2.40 3.30 2.60 2.60 3.15 2.55 2.50 3.25 2.80 2.70 3.30 2.55 2.40 3.10 2.70 2.40 3.10 2.70 2.50 3.00 2.55 2.60 3.10 2.45 2.35 3.40 2.50 2.50 3.15 2.62 1 1 2 1480188600
627303 3.00 3.10 2.30 2.60 3.00 2.70 2.78 3.10 2.30 2.40 3.10 2.65 2.90 3.30 2.40 2.62 3.10 2.80 2.90 3.00 2.38 2.50 3.25 2.80 2.60 3.20 2.40 2.45 3.05 2.70 2.80 3.10 2.35 2.45 3.05 2.75 2.88 3.20 2.30 2.50 3.12 2.70 2.90 3.10 2.30 2.55 3.10 2.60 2.88 3.00 2.30 2.38 3.00 2.75 2.75 3.10 2.30 2.80 3.10 2.25 1 2 1 1480222800
576329 2.30 3.40 2.75 2.60 3.30 2.50 2.30 3.28 2.60 2.72 3.00 2.35 2.30 3.60 2.80 2.75 3.30 2.50 2.25 3.00 3.50 2.80 3.40 2.40 2.30 3.30 2.90 2.30 3.30 2.90 2.25 3.30 2.95 2.55 3.30 2.55 2.30 3.50 2.90 2.80 3.40 2.45 2.30 3.25 2.80 2.55 3.20 2.55 2.25 3.50 2.80 2.75 3.40 2.35 2.25 3.05 3.00 2.50 3.20 2.50 0 5 1 1480250700
597448 2.87 3.25 2.30 2.70 3.00 2.60 0 0 0 0 0 0 2.62 3.30 2.60 2.70 2.90 2.80 2.30 3.40 2.75 2.63 3.20 2.70 2.60 3.10 2.30 2.60 3.10 2.30 2.80 3.20 2.35 2.65 2.95 2.70 2.45 3.40 2.80 2.62 3.10 2.80 2.40 3.20 2.60 2.45 3.00 2.70 2.30 3.20 2.80 2.60 2.88 2.70 2.70 3.10 2.30 2.55 2.88 2.62 0 0 2 1480255200
573911 2.50 2.90 3.20 2.60 2.90 3.00 2.57 3.00 2.57 2.35 2.90 2.95 2.88 3.10 2.50 2.50 2.75 3.25 2.88 3.20 2.50 2.60 2.80 3.20 2.60 3.10 2.70 2.40 3.15 2.90 2.80 3.15 2.65 2.60 2.95 3.05 2.90 3.10 2.70 2.60 2.88 3.25 2.85 3.00 2.60 2.60 2.90 3.10 2.70 2.88 2.70 2.55 2.90 3.20 2.82 3.15 2.80 2.55 3.00 3.30 0 1 2 1480255200
610930 2.75 2.80 2.70 3.00 2.80 2.50 0 0 0 0 0 0 2.50 3.00 3.00 3.20 2.80 2.50 2.40 3.00 2.75 3.40 2.90 2.38 2.50 3.00 2.65 3.05 2.70 2.40 2.45 3.00 2.90 3.10 2.80 2.45 2.55 3.00 2.90 3.20 2.90 2.50 2.35 2.70 3.30 3.10 2.70 2.45 2.90 2.70 2.50 3.00 2.75 2.38 2.40 3.00 2.70 2.95 2.75 2.38 1 1 1 1480258800
610924 2.80 2.87 2.60 2.80 2.87 2.60 0 0 0 0 0 0 2.88 3.00 2.62 2.80 2.75 2.90 2.75 3.00 2.40 2.75 2.88 2.88 2.65 3.10 2.45 2.65 2.75 2.75 2.85 3.00 2.50 2.70 2.80 2.80 2.90 3.00 2.62 2.70 3.00 2.80 2.90 2.70 2.60 2.85 2.75 2.60 2.80 2.80 2.45 2.62 2.75 2.65 2.70 3.00 2.40 2.60 2.80 2.65 1 1 1 1480258800
610925 3.00 2.80 2.50 2.70 2.75 2.80 0 0 0 0 0 0 3.00 3.00 2.50 2.88 2.70 2.90 2.75 3.00 2.40 2.88 2.80 2.80 2.85 2.95 2.40 2.75 2.70 2.65 2.85 3.00 2.45 2.75 2.70 2.80 3.00 3.00 2.55 2.80 2.88 2.80 3.10 2.70 2.45 2.70 2.80 2.70 2.88 2.80 2.45 2.62 2.70 2.75 2.70 3.00 2.40 2.70 2.65 2.70 1 0 0 1480258800
610923 2.50 3.00 2.80 2.80 3.00 2.50 0 0 0 0 0 0 2.40 3.10 2.90 3.10 2.90 2.50 2.63 3.00 2.88 3.10 3.00 2.45 2.25 3.15 2.90 2.80 2.90 2.45 2.20 3.05 3.25 2.85 2.95 2.50 2.50 3.13 2.90 3.13 3.00 2.45 2.65 3.10 2.50 2.75 3.00 2.50 2.75 2.88 2.45 2.90 2.88 2.35 2.35 3.00 2.90 2.82 2.95 2.38 0 1 0 1480258800
612504 2.30 3.40 2.75 2.87 3.40 2.25 2.63 3.30 2.30 2.63 3.30 2.30 2.50 3.50 2.62 2.90 3.40 2.30 2.30 3.25 2.70 3.20 3.40 2.20 2.25 3.20 2.70 2.75 3.20 2.20 2.30 3.30 2.70 2.80 3.25 2.25 2.38 3.40 2.88 2.90 3.50 2.30 2.30 3.25 2.80 2.90 3.10 2.30 2.30 3.30 2.70 2.88 3.25 2.25 2.30 3.25 2.63 2.82 3.30 2.25 1 0 0 1480269600
569085 2.45 3.10 2.80 3.10 3.10 2.25 2.85 3.20 2.20 2.85 3.20 2.20 2.90 3.25 2.40 2.80 3.10 2.50 2.40 3.00 2.75 2.90 3.10 2.50 2.40 3.00 2.80 2.95 3.00 2.25 2.45 3.05 2.85 2.85 3.10 2.45 2.55 3.10 2.90 2.88 3.25 2.50 2.40 2.95 2.90 3.00 2.95 2.35 2.45 3.10 2.80 3.00 3.10 2.38 2.40 3.10 2.90 2.95 3.10 2.38 0 1 0 1480282200
611319 2.50 3.10 2.80 2.70 2.90 2.75 2.45 3.00 2.62 2.85 2.80 2.40 2.30 3.30 3.10 3.00 2.80 2.70 2.25 3.00 3.50 3.00 2.88 2.63 2.50 3.00 2.80 2.75 2.80 2.75 2.50 3.05 2.80 2.90 2.80 2.60 2.30 3.30 3.10 2.90 3.00 2.60 2.20 3.00 3.40 2.80 2.90 2.65 2.20 3.20 3.20 3.00 2.88 2.70 2.35 3.20 3.40 3.00 3.05 2.70 1 1 1 1480352400
606960 2.45 3.40 2.80 2.75 3.25 2.70 2.35 3.25 2.65 2.58 3.10 2.50 2.40 3.50 2.80 2.88 3.10 2.50 2.40 3.30 2.90 2.90 3.30 2.50 2.40 3.30 2.95 2.50 3.30 2.85 2.45 3.30 2.95 2.80 3.30 2.60 2.50 3.30 2.90 2.90 3.30 2.55 2.65 3.20 2.60 2.70 3.20 2.70 2.40 3.30 2.70 2.75 3.25 2.70 2.50 3.40 2.90 2.85 3.25 2.70 0 3 1 1480362300
627259 2.60 3.00 2.50 2.75 3.20 2.62 2.48 3.22 2.48 2.70 3.00 2.40 2.62 3.25 2.62 2.80 3.10 2.50 2.50 3.40 2.50 2.88 3.20 2.45 2.60 3.10 2.70 2.60 3.10 2.70 2.65 3.15 2.65 2.75 3.10 2.55 2.62 3.20 2.62 2.90 3.20 2.55 2.55 3.30 2.65 2.70 3.25 2.70 2.60 3.00 2.60 2.88 3.20 2.60 2.50 3.20 2.55 2.70 3.05 2.45 1 0 2 1479235500
627257 2.62 3.10 2.60 2.60 3.20 2.75 2.50 3.23 2.45 2.45 3.05 2.62 2.75 3.25 2.50 2.62 3.25 2.62 2.63 3.30 2.60 2.55 3.30 2.70 2.70 3.00 2.70 2.70 3.00 2.70 2.80 3.35 2.55 2.60 3.15 2.65 2.70 3.40 2.45 2.55 3.30 2.80 2.60 3.30 2.40 2.65 3.30 2.85 2.70 3.00 2.50 2.70 3.25 2.80 2.65 3.20 2.40 2.50 3.10 2.67 1 0 0 1479239100
627447 2.15 3.30 3.10 2.60 3.10 2.60 2.15 3.20 2.95 2.72 3.00 2.40 2.25 3.30 3.10 2.80 3.25 2.50 2.20 3.40 3.20 2.90 3.30 2.63 2.15 3.15 3.05 2.60 3.05 2.50 2.20 3.30 3.20 2.75 3.10 2.55 2.15 3.30 3.20 2.80 3.30 2.55 2.25 3.20 3.20 2.65 3.20 2.65 2.20 3.20 3.20 2.75 3.25 2.60 2.30 3.40 3.20 2.82 3.30 2.62 1 1 4 1479239100
553737 3.10 3.10 2.10 2.37 3.25 3.00 2.52 3.20 2.45 2.15 3.20 2.95 3.30 3.30 2.15 2.40 3.10 3.10 3.40 3.20 2.20 2.38 3.40 3.25 3.30 3.30 2.10 2.50 3.30 2.65 2.75 3.15 2.60 2.40 3.20 3.00 3.40 3.30 2.15 2.40 3.30 3.12 3.00 3.20 2.20 2.35 3.30 3.10 3.20 3.10 2.10 2.38 3.30 3.00 2.82 3.30 2.70 2.45 3.25 3.15 1 1 0 1479240000
569065 2.70 3.00 2.60 2.70 3.00 2.60 2.55 3.00 2.55 2.70 3.00 2.40 2.62 3.25 2.62 2.88 3.10 2.50 2.50 3.30 2.75 3.00 3.20 2.40 2.60 3.00 2.55 2.75 3.00 2.40 2.60 3.10 2.65 2.80 3.10 2.45 2.60 3.30 2.70 2.90 3.20 2.50 2.45 3.20 2.65 2.70 3.00 2.50 2.60 3.10 2.65 2.80 3.10 2.50 2.62 3.10 2.67 2.85 3.10 2.45 1 1 1 1479339900
596581 2.60 3.40 2.50 2.70 3.30 2.45 2.48 3.22 2.48 2.65 3.10 2.40 2.40 3.50 2.75 2.70 3.40 2.50 2.45 3.20 2.90 2.75 3.40 2.45 2.60 3.20 2.60 2.60 3.20 2.60 2.55 3.30 2.60 2.70 3.30 2.45 2.60 3.40 2.70 2.75 3.50 2.50 2.65 3.20 2.55 2.85 3.30 2.45 2.35 3.40 2.75 2.65 3.30 2.45 2.50 3.25 2.67 2.70 3.25 2.45 1 1 1 1479490200
596580 2.60 3.00 2.75 2.60 3.00 2.75 2.45 3.23 2.50 2.50 3.00 2.60 2.88 3.20 2.50 2.50 2.90 3.00 2.80 3.30 2.45 2.50 3.10 2.90 2.60 3.20 2.60 2.60 3.20 2.60 2.65 3.15 2.60 2.55 3.00 2.85 2.88 3.30 2.50 2.55 3.25 2.88 2.60 3.20 2.60 2.60 3.10 2.85 2.90 3.10 2.40 2.50 2.90 2.88 2.62 3.20 2.55 2.55 3.00 2.75 1 2 1 1479490200
579927 2.45 3.40 2.60 3.20 3.40 2.05 2.55 3.45 2.30 3.08 3.40 2.00 2.40 3.50 2.75 3.30 3.50 2.10 2.45 3.50 2.70 3.50 3.60 2.00 2.60 3.30 2.35 3.20 3.40 2.00 2.55 3.35 2.50 3.40 3.50 1.95 2.40 3.40 2.80 3.30 3.60 2.05 2.50 3.10 2.55 3.25 3.40 1.95 2.30 3.40 2.80 3.20 3.50 2.05 2.55 3.25 2.50 3.20 3.40 2.00 1 0 1 1479495600
579925 2.60 3.50 2.37 2.30 3.50 2.70 2.55 3.50 2.27 2.10 3.20 3.00 2.90 3.75 2.20 2.20 3.60 3.00 3.10 3.75 2.10 2.20 3.60 3.00 2.65 3.45 2.25 2.15 3.40 2.90 2.70 3.50 2.30 2.15 3.45 2.95 3.10 3.50 2.20 2.15 3.60 3.10 2.60 3.40 2.30 2.25 3.50 2.60 2.90 3.50 2.15 2.15 3.40 3.00 2.67 3.40 2.30 2.15 3.40 2.90 0 1 4 1479495600
573905 2.75 3.20 2.62 2.90 3.25 2.45 2.57 3.10 2.50 2.90 3.00 2.30 2.50 3.30 2.75 2.90 3.00 2.50 2.60 2.90 2.80 3.10 3.10 2.45 2.70 3.10 2.60 2.70 3.10 2.60 2.70 3.25 2.65 2.95 3.20 2.50 2.70 3.25 2.75 3.00 3.20 2.55 2.60 3.25 2.65 3.10 3.25 2.50 2.62 3.10 2.62 3.20 3.10 2.38 2.75 3.20 2.75 3.05 3.20 2.55 1 0 1 1479498300
618640 2.75 2.80 2.70 2.80 3.00 2.50 2.65 2.88 2.55 2.75 2.90 2.45 2.70 3.00 2.80 3.00 2.90 2.60 2.50 2.88 2.75 3.30 2.90 2.40 2.40 2.85 2.85 2.90 2.85 2.40 2.75 2.85 2.70 2.95 2.90 2.45 2.62 3.00 2.90 3.00 3.00 2.55 2.70 2.75 2.65 2.65 2.85 2.60 2.55 2.90 2.80 2.88 3.00 2.50 2.70 2.82 2.67 2.75 2.90 2.50 1 1 3 1479514500
615829 2.50 3.10 2.80 2.50 3.00 2.80 2.40 3.00 2.68 2.40 3.00 2.68 2.15 3.30 3.40 3.00 3.00 2.50 2.50 3.20 2.88 3.00 3.00 2.50 2.50 2.90 2.80 2.50 2.90 2.80 2.30 3.05 3.50 2.85 3.05 2.70 2.30 3.00 3.50 3.00 3.00 2.62 2.20 3.00 3.40 2.70 2.95 2.85 2.15 3.10 3.40 2.80 3.00 2.50 2.40 3.00 2.85 2.70 2.90 2.55 1 1 1 1479564000
596256 2.50 3.20 2.90 2.70 3.10 2.90 2.40 3.15 2.65 2.40 3.05 2.72 2.75 3.40 2.50 2.50 3.00 3.00 2.70 3.25 2.60 2.45 3.00 3.10 2.75 3.25 2.60 2.65 3.30 2.65 2.80 3.25 2.60 2.70 3.15 2.70 2.75 3.40 2.62 2.55 3.20 3.00 2.65 3.20 2.65 2.60 3.10 2.90 2.60 3.00 2.65 2.70 3.00 2.90 2.65 3.30 2.55 2.60 3.15 3.05 1 0 0 1479565800
577720 2.70 3.30 2.60 2.75 3.20 2.75 2.52 3.20 2.45 2.40 3.20 2.58 2.75 3.30 2.50 2.62 3.25 2.70 2.75 3.20 2.55 2.70 3.40 2.75 2.65 3.10 2.45 2.55 3.05 2.55 2.60 3.25 2.65 2.70 3.15 2.60 2.75 3.30 2.62 2.75 3.40 2.75 2.80 3.10 2.50 2.65 3.10 2.65 2.62 3.25 2.62 2.70 3.30 2.75 2.80 3.30 2.62 2.70 3.25 2.80 1 3 2 1479567600
578839 2.25 3.25 3.25 2.60 3.10 2.87 2.10 3.30 2.90 2.50 2.90 2.65 2.15 3.40 3.30 2.80 3.00 2.62 2.30 3.30 3.10 2.88 3.10 2.80 2.15 3.10 3.10 2.65 2.90 2.55 2.10 3.25 3.20 2.70 2.95 2.60 2.15 3.40 3.40 2.88 3.00 2.70 2.10 3.20 3.20 2.45 2.95 2.80 2.50 3.25 2.80 2.90 3.00 2.75 2.05 3.20 3.20 2.62 2.95 2.62 1 1 2 1479567600
574242 2.60 3.40 2.62 2.87 3.30 2.45 2.30 3.20 2.70 2.75 3.15 2.30 2.45 3.40 2.60 2.90 3.30 2.40 2.40 3.20 3.00 3.00 3.20 2.40 2.55 3.20 2.55 2.55 3.20 2.55 2.45 3.40 2.70 2.90 3.30 2.35 2.55 3.40 2.70 2.90 3.40 2.50 2.40 3.40 2.60 2.60 3.30 2.40 2.40 3.20 2.75 3.00 3.30 2.45 2.45 3.25 2.75 2.82 3.25 2.38 0 2 0 1479567600
575413 2.50 3.30 2.60 2.40 3.30 2.70 2.53 3.30 2.35 2.52 3.30 2.35 2.40 3.40 2.80 2.80 3.30 2.40 2.38 3.40 2.90 3.00 3.40 2.30 2.55 3.20 2.50 2.50 3.20 2.55 2.20 3.35 3.05 2.80 3.30 2.35 2.45 3.40 2.90 2.88 3.40 2.45 2.55 3.25 2.50 2.85 3.30 2.40 2.38 3.25 2.80 2.80 3.25 2.35 2.55 3.40 2.85 2.85 3.50 2.55 0 3 2 1479567600
573908 2.62 2.90 3.00 2.90 3.20 2.50 2.35 3.05 2.80 2.78 3.00 2.40 2.30 3.00 3.40 2.80 3.10 2.62 2.30 2.88 3.30 2.80 3.00 2.70 2.50 3.10 2.80 2.70 3.10 2.60 2.55 3.10 2.95 2.80 3.10 2.70 2.50 2.90 3.10 2.80 3.12 2.75 2.65 2.90 2.85 3.00 3.10 2.55 2.45 2.90 2.90 2.62 3.00 2.88 2.50 3.20 3.10 2.95 3.10 2.70 1 1 1 1479582000
581202 2.30 3.40 2.80 2.60 3.40 2.50 2.20 3.35 2.75 2.65 3.05 2.45 2.50 3.50 2.62 2.60 3.50 2.50 2.20 3.40 2.75 2.70 3.40 2.50 2.20 3.35 2.85 2.50 3.30 2.45 2.20 3.40 2.90 2.55 3.35 2.50 2.30 3.40 3.00 2.62 3.60 2.50 2.20 3.40 2.85 2.50 3.40 2.45 2.25 3.25 2.88 2.60 3.30 2.40 2.20 3.40 2.70 2.55 3.25 2.45 1 2 3 1479596400
612500 2.20 3.50 2.87 2.50 3.30 2.60 2.15 3.35 2.83 2.25 3.20 2.80 2.25 3.50 2.90 2.75 3.30 2.50 2.20 3.40 2.75 2.80 3.30 2.50 2.15 3.30 2.75 2.55 3.15 2.35 2.15 3.35 2.90 2.60 3.20 2.40 2.30 3.40 3.00 2.75 3.40 2.45 2.15 3.40 2.90 2.40 3.40 2.55 2.15 3.30 2.90 2.65 3.25 2.38 2.15 3.30 2.95 2.55 3.20 2.50 1 2 2 1479598200
560001 2.80 3.00 2.50 2.45 3.20 2.70 2.70 3.20 2.30 2.35 3.10 2.70 2.62 3.25 2.62 2.50 3.20 2.80 2.75 3.40 2.45 2.50 3.20 2.80 2.60 3.00 2.45 2.35 2.95 2.75 2.75 3.10 2.45 2.45 3.05 2.85 2.80 3.25 2.45 2.45 3.20 2.88 2.70 3.20 2.40 2.45 3.20 2.65 2.55 3.10 2.60 2.50 3.00 2.75 2.70 3.15 2.40 2.40 3.10 2.82 0 0 1 1479618000
560004 2.45 3.20 2.70 2.70 3.30 2.40 2.35 3.25 2.60 2.52 3.20 2.45 2.50 3.40 2.75 2.60 3.40 2.60 2.45 3.30 2.80 2.75 3.30 2.50 2.35 3.10 2.65 2.45 3.10 2.55 2.40 3.20 2.75 2.65 3.25 2.45 2.45 3.40 2.75 2.70 3.40 2.45 2.40 3.20 2.70 2.40 3.25 2.65 2.45 3.20 2.65 2.62 3.20 2.40 2.40 3.10 2.70 2.62 3.25 2.40 1 0 2 1479618000
596588 2.50 3.40 2.60 2.50 3.40 2.60 2.40 3.20 2.58 2.50 3.05 2.55 2.40 3.50 2.80 2.60 3.40 2.62 2.30 3.10 3.20 2.70 3.25 2.60 2.60 3.20 2.60 2.60 3.20 2.60 2.40 3.35 2.80 2.55 3.35 2.55 2.50 3.50 2.75 2.60 3.60 2.60 2.60 3.20 2.60 2.75 3.30 2.55 2.38 3.30 2.75 2.50 3.40 2.55 2.40 3.15 2.88 2.60 3.25 2.55 1 1 1 1479645000
627431 2.70 2.80 2.75 3.30 3.00 2.20 2.50 2.95 2.65 3.10 3.00 2.15 2.62 2.90 2.90 3.50 3.00 2.25 2.55 3.30 2.70 3.40 3.10 2.25 2.55 2.85 2.70 3.35 2.90 2.15 2.60 2.90 2.75 3.45 2.95 2.15 2.70 2.90 2.90 3.40 3.10 2.25 2.60 2.65 2.95 3.40 2.75 2.25 2.60 2.75 2.70 3.10 2.88 2.20 2.55 2.90 2.70 3.10 2.95 2.25 1 0 1 1479650400
610502 2.60 3.20 2.75 2.87 3.00 2.75 2.32 3.10 2.80 2.58 3.10 2.50 2.30 3.25 3.00 2.80 3.00 2.62 2.40 3.25 2.90 2.88 3.10 2.63 2.50 3.20 2.75 2.50 3.20 2.75 2.60 3.25 2.80 2.80 3.15 2.70 2.55 3.20 3.00 2.88 3.20 2.62 2.70 3.20 2.55 2.90 3.10 2.75 2.35 3.10 2.90 2.88 3.10 2.70 2.50 3.40 2.90 2.90 3.10 2.70 1 2 2 1479671100
569075 2.90 2.90 2.50 2.70 2.90 2.70 2.75 3.00 2.38 2.45 2.90 2.78 2.40 3.20 2.90 2.60 3.00 2.88 2.75 3.10 2.63 2.60 3.00 2.88 0 0 0 0 0 0 2.85 2.95 2.50 2.60 2.95 2.75 2.30 3.25 3.20 2.60 3.10 2.90 2.65 2.95 2.60 2.70 3.00 2.55 2.75 2.90 2.60 2.55 2.90 2.80 2.80 3.10 2.50 2.55 3.05 2.75 1 2 0 1479677400
569077 2.60 3.30 2.50 2.37 3.30 2.75 2.50 3.32 2.40 2.25 3.20 2.75 4.75 3.80 1.70 4.75 3.80 1.70 3.20 3.40 2.20 2.20 3.40 3.20 0 0 0 0 0 0 2.65 3.30 2.50 2.25 3.40 2.85 5.00 3.75 1.70 2.25 3.50 3.10 2.90 3.25 2.25 2.35 3.25 2.75 3.80 3.50 1.85 2.20 3.30 3.10 3.00 3.40 2.20 2.30 3.50 2.88 1 3 3 1479677400
581208 2.50 3.40 2.62 3.20 3.60 2.05 2.63 3.30 2.30 3.15 3.30 2.00 2.70 3.50 2.40 2.80 3.40 2.40 2.38 3.25 2.60 3.60 3.50 2.00 2.40 3.25 2.65 3.20 3.40 2.00 2.40 3.30 2.65 3.25 3.45 2.00 2.50 3.40 2.75 3.30 3.75 2.05 2.45 3.30 2.60 3.10 3.40 2.05 2.40 3.25 2.62 3.25 3.50 1.95 2.35 3.25 2.60 3.05 3.60 2.00 1 0 3 1479686400
579931 2.60 3.50 2.38 2.15 3.60 2.90 2.50 3.50 2.32 2.20 3.40 2.75 2.70 3.60 2.40 2.10 3.60 3.25 2.38 3.50 2.80 2.10 3.60 3.25 2.60 3.40 2.35 2.05 3.40 3.00 2.60 3.45 2.40 2.05 3.50 3.15 2.70 3.50 2.45 2.05 3.70 3.25 2.65 3.30 2.35 2.05 3.30 3.10 2.40 3.50 2.60 2.10 3.50 3.10 2.67 3.25 2.38 2.05 3.40 3.10 1 1 0 1479754800
623031 2.75 3.20 2.25 2.50 3.60 2.62 2.70 3.25 2.28 2.40 3.15 2.60 2.80 3.40 2.38 2.40 3.50 2.75 2.80 3.50 2.38 2.45 3.50 2.70 2.75 3.25 2.30 2.35 3.30 2.60 2.75 3.30 2.30 2.40 3.35 2.65 2.80 3.50 2.40 2.50 3.50 2.75 2.70 3.30 2.30 2.50 3.25 2.55 2.70 3.20 2.30 2.40 3.50 2.75 2.82 3.30 2.30 2.38 3.40 2.65 1 1 1 1478634300
569444 2.62 3.20 2.45 2.40 3.30 2.62 0 0 0 0 0 0 2.70 3.40 2.50 2.40 3.40 2.75 2.90 3.20 2.45 2.50 3.30 2.75 2.50 3.15 2.50 2.40 3.20 2.60 2.65 3.15 2.50 2.45 3.25 2.65 2.75 3.25 2.55 2.50 3.30 2.75 2.50 3.20 2.50 2.50 3.20 2.50 2.62 3.20 2.45 2.45 3.20 2.62 2.67 3.15 2.45 2.40 3.25 2.67 0 3 4 1478639700
575120 2.45 3.00 2.80 2.90 2.80 2.50 0 0 0 0 0 0 2.50 3.10 2.90 2.80 2.90 2.75 2.40 3.00 2.75 2.63 3.00 2.63 2.40 2.90 2.70 2.95 2.80 2.30 2.45 3.00 2.80 3.05 2.85 2.40 2.45 3.00 2.80 2.70 2.80 2.70 2.50 3.10 2.80 2.95 2.90 2.50 2.35 2.80 3.00 2.65 2.75 2.65 2.38 3.00 2.75 2.82 2.88 2.38 1 0 0 1478707200
627308 2.87 3.20 2.50 2.90 3.25 2.45 2.45 3.20 2.52 2.88 3.10 2.25 2.50 3.20 2.88 2.90 3.20 2.50 2.50 3.30 2.75 2.90 3.25 2.50 2.70 3.10 2.50 2.70 3.10 2.50 2.50 3.15 2.75 2.95 3.25 2.45 2.45 3.25 2.75 2.80 3.25 2.40 2.55 3.25 2.70 3.10 3.20 2.40 2.40 3.10 2.65 3.20 3.25 2.40 2.50 3.30 2.70 2.95 3.20 2.40 1 1 2 1478911500
581389 2.37 3.50 2.60 2.40 3.50 2.60 2.40 3.30 2.52 2.40 3.20 2.60 2.50 3.60 2.60 2.40 3.60 2.62 2.88 3.40 2.38 2.60 3.50 2.63 2.40 3.30 2.55 2.45 3.35 2.50 2.75 3.30 2.35 2.35 3.40 2.70 2.90 3.40 2.45 2.55 3.60 2.62 2.50 3.40 2.60 2.35 3.40 2.75 2.75 3.25 2.30 2.55 3.40 2.40 2.75 3.40 2.35 2.45 3.40 2.62 0 0 2 1478932500
559997 2.80 3.00 2.50 2.30 3.10 3.00 2.48 3.10 2.55 2.20 3.10 2.90 2.80 3.25 2.50 2.25 3.00 3.40 2.40 3.10 2.70 2.20 3.10 3.50 2.65 2.95 2.40 2.15 2.90 3.15 2.75 3.10 2.50 2.20 3.05 3.30 2.88 3.20 2.45 2.25 3.10 3.30 2.70 3.20 2.40 2.20 2.95 3.30 2.45 3.00 2.75 2.20 2.90 3.25 2.70 3.10 2.40 2.20 3.00 3.20 0 1 2 1478941200
578272 2.50 3.40 2.75 2.90 3.40 2.37 2.40 3.20 2.58 2.65 3.20 2.35 2.40 3.30 2.80 2.90 3.30 2.38 2.50 3.25 2.80 3.10 3.50 2.40 2.40 3.15 2.65 2.55 3.15 2.50 2.45 3.25 2.70 2.90 3.25 2.35 2.55 3.30 2.80 3.00 3.50 2.40 2.45 3.20 2.65 2.70 3.20 2.40 2.60 3.30 2.62 2.88 3.40 2.50 2.45 3.20 2.67 2.82 3.25 2.30 0 2 1 1478962800
569453 2.50 3.00 2.62 3.30 3.25 2.05 0 0 0 0 0 0 2.80 3.20 2.50 3.80 3.50 1.95 2.40 3.10 2.70 4.50 3.40 1.83 2.45 3.10 2.65 3.30 3.10 2.05 2.55 3.15 2.60 3.50 3.30 1.95 2.62 3.20 2.70 3.90 3.40 1.95 2.40 3.00 2.75 3.40 3.20 2.00 2.60 3.00 2.60 3.75 3.20 1.91 2.40 3.20 2.70 3.30 3.30 1.95 1 2 2 1478986200
610911 2.80 3.00 2.50 2.60 3.00 2.70 0 0 0 0 0 0 3.00 3.10 2.40 2.62 2.90 2.90 2.50 3.00 2.63 2.80 3.00 2.70 2.80 3.05 2.35 2.65 2.85 2.60 2.90 3.05 2.35 2.65 2.90 2.70 3.00 3.12 2.45 2.60 3.00 2.90 2.50 2.90 2.85 2.85 2.85 2.50 2.50 3.00 2.62 2.45 2.88 2.75 2.88 2.95 2.30 2.65 2.82 2.55 0 1 3 1479049200
625620 2.62 3.10 2.60 2.80 3.00 2.50 2.10 2.95 3.30 2.72 3.00 2.40 2.75 2.90 2.75 2.90 3.00 2.50 2.75 3.20 2.40 3.10 3.00 2.45 2.60 3.05 2.50 2.80 2.90 2.45 2.60 3.10 2.55 2.80 2.95 2.50 2.25 3.00 3.40 2.90 3.10 2.50 2.70 3.00 2.70 2.90 2.90 2.65 2.65 2.80 2.65 2.88 3.00 2.80 2.70 3.00 2.40 2.67 2.95 2.40 1 1 2 1479058200
618654 2.50 2.80 3.00 2.80 2.87 2.60 2.45 2.95 2.70 2.83 2.95 2.35 2.40 3.00 3.20 3.00 2.90 2.50 2.30 3.00 3.10 3.10 3.00 2.40 2.30 2.90 3.00 2.85 2.80 2.50 2.35 2.95 3.10 3.00 2.90 2.50 2.38 3.10 3.20 3.10 3.00 2.50 2.30 3.00 3.10 2.75 2.90 2.60 2.30 3.00 3.10 3.00 2.88 2.45 2.30 3.00 3.00 2.90 2.88 2.40 0 2 1 1479063600
554182 2.45 2.90 3.00 2.90 3.00 2.60 2.25 3.10 2.85 2.85 3.00 2.30 2.40 3.00 3.10 3.30 3.00 2.30 2.38 3.40 2.88 3.30 3.25 2.40 2.60 3.05 2.90 2.70 3.05 2.80 2.45 3.00 3.10 2.90 3.10 2.60 2.40 3.20 3.12 3.40 3.12 2.38 2.50 3.10 2.88 3.10 3.20 2.40 2.25 3.00 3.20 3.00 3.20 2.50 2.45 3.25 3.15 3.10 3.30 2.45 1 1 1 1479066300
559977 2.60 3.00 2.70 2.60 3.00 2.70 2.50 3.00 2.60 2.50 3.00 2.60 2.00 3.30 3.80 2.90 3.10 2.50 1.95 3.00 4.00 2.90 3.10 2.50 1.90 3.00 3.65 2.55 2.85 2.60 2.60 3.00 2.70 2.60 3.00 2.70 2.00 3.25 3.80 2.80 3.12 2.55 2.00 3.00 3.80 2.45 2.95 2.80 1.95 3.10 3.75 2.80 2.90 2.50 2.55 3.00 2.67 2.60 2.95 2.62 0 2 1 1478145600
559546 2.30 3.50 2.70 3.00 3.40 2.15 2.82 3.20 2.25 2.88 3.25 2.18 2.62 3.50 2.40 3.00 3.60 2.20 2.60 3.30 2.65 3.10 3.40 2.25 2.85 3.20 2.25 2.90 3.30 2.15 2.30 3.40 2.80 2.95 3.40 2.25 2.70 3.60 2.45 3.00 3.60 2.25 2.25 3.30 2.80 2.70 3.20 2.40 2.65 3.30 2.35 3.00 3.40 2.15 2.25 3.40 2.75 2.88 3.30 2.20 1 0 1 1478147400
559975 2.62 3.10 2.60 2.62 3.10 2.60 2.55 3.00 2.55 2.75 3.15 2.30 2.05 3.30 3.60 3.00 3.20 2.40 1.95 3.00 4.00 3.10 3.10 2.38 1.95 3.00 3.55 2.90 3.00 2.20 2.65 3.10 2.60 3.00 3.10 2.30 2.05 3.30 3.60 3.00 3.25 2.30 2.00 3.00 3.70 2.80 2.95 2.50 1.95 3.10 3.70 3.00 3.00 2.30 2.65 2.88 2.67 2.95 3.05 2.30 1 2 2 1478156400
559969 2.62 3.10 2.60 2.62 3.10 2.60 2.55 3.15 2.45 2.55 3.15 2.45 2.40 3.25 2.90 2.62 3.25 2.70 2.30 3.00 3.10 2.88 3.10 2.55 2.30 2.95 2.85 2.60 3.00 2.45 2.65 3.10 2.60 2.70 3.10 2.55 2.62 3.25 2.60 2.70 3.20 2.60 2.30 3.00 3.00 2.60 2.95 2.65 2.30 3.00 2.90 2.65 3.00 2.55 2.62 3.00 2.60 2.60 3.10 2.55 0 2 1 1478163600
581382 2.50 3.50 2.37 2.50 3.75 2.37 2.60 3.25 2.35 2.45 3.20 2.50 2.75 3.60 2.38 2.40 3.50 2.70 3.00 3.50 2.30 2.45 3.60 2.75 2.65 3.35 2.30 2.40 3.45 2.50 2.70 3.40 2.35 2.55 3.45 2.40 2.90 3.60 2.38 2.45 3.70 2.70 2.80 3.40 2.35 2.50 3.50 2.55 2.65 3.40 2.30 2.38 3.40 2.60 2.70 3.40 2.40 2.40 3.40 2.62 1 1 0 1478249400
615804 2.50 3.10 2.80 2.70 3.10 2.60 2.48 3.05 2.55 2.78 3.05 2.30 2.15 3.25 3.40 2.80 3.00 2.62 2.50 3.10 2.90 2.88 3.10 2.55 2.60 2.80 2.80 2.60 2.80 2.80 2.25 3.05 3.60 2.90 3.10 2.60 2.30 3.12 3.20 2.90 3.10 2.62 2.40 3.00 3.00 3.00 3.10 2.45 2.50 3.00 2.75 2.80 3.00 2.50 2.50 2.95 2.75 2.90 2.95 2.38 0 3 2 1478287800
581191 2.25 3.40 2.87 2.75 3.00 2.60 2.40 3.05 2.68 2.65 3.00 2.45 2.40 3.30 2.80 2.80 3.00 2.62 2.25 3.00 3.00 2.70 3.20 2.60 2.25 3.25 2.80 2.70 2.95 2.50 2.30 3.15 3.00 2.75 3.00 2.55 2.45 3.30 2.88 2.80 3.12 2.62 2.30 3.00 3.00 2.75 2.90 2.55 2.40 3.10 2.75 2.65 2.90 2.60 2.45 2.95 2.75 2.70 2.95 2.55 1 0 1 1478314800
626406 2.40 3.30 2.70 2.62 3.30 2.45 2.05 3.20 3.15 2.55 3.30 2.37 2.40 3.40 2.75 3.00 3.40 2.30 2.10 3.30 3.00 2.90 3.30 2.40 2.10 3.30 3.05 2.65 3.25 2.35 2.10 3.30 3.05 2.45 3.25 2.60 2.20 3.40 3.20 3.00 3.50 2.25 2.10 3.30 3.10 2.65 3.30 2.40 2.60 3.20 2.45 3.00 3.30 2.15 2.25 3.10 2.82 2.60 3.15 2.38 0 1 0 1478325600
596576 2.70 3.25 2.50 2.60 3.25 2.60 2.52 3.20 2.45 2.45 3.20 2.52 2.70 3.30 2.60 2.50 3.30 2.80 2.80 3.10 2.60 2.45 3.30 2.80 2.60 3.20 2.60 2.60 3.20 2.60 2.70 3.20 2.50 2.50 3.20 2.70 2.75 3.30 2.62 2.45 3.40 2.88 2.60 3.20 2.60 2.55 3.30 2.75 2.65 3.10 2.55 2.45 3.20 2.75 2.67 3.20 2.55 2.55 3.15 2.67 1 1 0 1478347200
575113 2.30 3.10 2.90 3.75 3.00 2.00 0 0 0 0 0 0 2.50 3.10 2.90 4.00 3.20 2.00 2.30 3.00 2.88 4.00 3.10 1.91 2.35 2.85 2.85 3.30 2.95 2.05 2.40 2.90 2.95 3.60 3.05 2.00 2.30 3.00 3.00 3.40 3.00 2.10 2.35 3.00 3.10 3.50 3.10 2.10 2.30 2.90 2.90 3.60 2.90 2.00 2.30 3.00 2.85 3.40 3.00 2.00 1 0 0 1478347200
596250 2.75 3.40 2.50 2.60 3.30 2.80 2.58 3.35 2.35 2.40 3.15 2.65 2.90 3.40 2.30 2.40 3.25 2.88 2.70 3.40 2.50 2.45 3.40 2.80 2.85 3.30 2.50 2.65 3.30 2.65 2.60 3.40 2.70 2.55 3.30 2.80 2.75 3.40 2.60 2.50 3.40 2.90 3.20 3.30 2.20 2.50 3.40 2.80 2.80 3.40 2.30 2.55 3.30 2.80 3.20 3.25 2.20 2.55 3.40 2.90 0 0 3 1478356200
627203 2.40 3.10 2.60 2.37 3.40 2.90 2.40 3.20 2.58 2.35 3.20 2.65 2.60 3.40 2.40 2.30 3.30 3.00 2.50 3.40 2.70 2.30 3.40 3.00 2.60 3.20 2.45 2.20 3.25 2.85 2.70 3.30 2.50 2.30 3.35 2.95 2.62 3.40 2.45 2.30 3.50 3.00 2.60 3.25 2.55 2.30 3.30 2.90 2.70 3.20 2.50 2.35 3.40 3.10 2.55 3.40 2.82 2.35 3.40 3.05 0 1 2 1478358000
574795 2.62 3.50 2.20 2.50 3.10 2.90 0 0 0 0 0 0 2.75 3.60 2.20 2.40 3.40 2.80 2.88 3.60 2.30 2.38 3.40 2.90 2.45 3.50 2.40 2.25 3.30 2.70 2.55 3.60 2.40 2.30 3.40 2.80 2.90 3.60 2.30 2.45 3.50 2.80 2.75 3.30 2.25 2.20 3.50 2.70 2.88 3.40 2.25 2.45 3.40 2.80 2.80 3.50 2.25 2.30 3.40 2.75 1 0 0 1478358000
562791 2.40 3.00 2.90 2.87 3.50 2.20 0 0 0 0 0 0 2.62 3.50 2.50 3.50 3.60 1.95 2.50 3.00 3.00 3.60 3.75 1.91 2.35 3.05 2.85 3.30 3.35 1.95 2.30 3.10 3.00 3.35 3.45 2.00 2.30 3.30 3.10 3.50 3.70 2.00 2.35 3.00 2.85 3.10 3.20 2.10 2.38 3.10 2.75 3.40 3.40 1.95 2.90 3.25 2.25 2.95 3.50 2.10 0 3 2 1478358000
612490 2.45 3.40 2.60 2.75 3.30 2.37 2.60 3.40 2.28 2.82 3.25 2.20 2.40 3.50 2.70 3.00 3.40 2.30 2.30 3.25 2.70 2.75 3.40 2.45 2.30 3.20 2.60 2.80 3.20 2.15 2.35 3.30 2.65 2.85 3.30 2.20 2.38 3.40 2.88 3.00 3.50 2.25 2.35 3.40 2.65 2.85 3.30 2.25 2.40 3.30 2.62 2.90 3.30 2.20 2.40 3.30 2.62 2.90 3.25 2.20 1 0 2 1478358000
577708 2.60 3.20 2.75 3.00 3.30 2.45 2.55 3.20 2.42 2.63 3.20 2.35 2.50 3.25 2.75 2.80 3.20 2.50 2.50 3.40 2.70 3.00 3.40 2.50 2.60 3.05 2.50 2.85 3.05 2.30 2.75 3.25 2.45 2.80 3.15 2.45 2.62 3.40 2.70 2.90 3.40 2.60 2.65 3.30 2.50 2.75 3.30 2.40 2.50 3.10 2.75 3.00 3.30 2.45 2.65 3.30 2.75 3.00 3.25 2.50 1 0 2 1478367000
612489 2.40 3.30 2.70 2.40 3.30 2.70 2.35 3.25 2.60 2.55 3.15 2.45 2.30 3.50 2.88 2.80 3.25 2.50 2.00 3.25 3.30 2.80 3.40 2.40 2.20 3.25 2.75 2.55 3.15 2.35 2.20 3.30 2.80 2.60 3.20 2.40 2.05 3.30 3.60 2.75 3.40 2.45 2.35 3.30 2.70 2.45 3.30 2.60 2.30 3.25 2.75 2.60 3.20 2.50 2.35 3.25 2.70 2.50 3.25 2.50 1 1 1 1478370600
575865 2.37 3.30 2.75 2.50 3.25 2.60 2.30 3.40 2.58 2.55 3.25 2.40 2.40 3.40 2.70 2.62 3.30 2.60 2.50 3.40 2.70 2.63 3.40 2.55 2.30 3.30 2.80 2.50 3.30 2.60 2.40 3.35 2.75 2.50 3.30 2.65 2.50 3.40 2.80 2.62 3.50 2.60 2.40 3.30 2.80 2.70 3.25 2.50 2.55 3.50 2.30 2.70 3.30 2.60 2.38 3.25 2.70 2.55 3.20 2.55 1 1 1 1478371500
581192 2.37 3.25 2.87 2.45 3.30 2.70 2.25 3.25 2.73 2.80 3.00 2.35 2.50 3.50 2.62 2.80 3.40 2.40 2.25 3.25 2.75 2.90 3.30 2.38 2.55 3.15 2.55 2.75 3.25 2.30 2.35 3.30 2.75 2.80 3.30 2.30 2.45 3.30 2.90 2.80 3.50 2.38 2.25 3.30 2.80 2.75 3.25 2.35 2.25 3.30 2.80 2.75 3.30 2.25 2.25 3.25 2.70 2.62 3.25 2.40 0 2 1 1478386800
569056 2.62 3.10 2.60 2.25 3.20 3.00 2.40 3.20 2.58 2.30 3.15 2.75 2.90 3.30 2.40 2.40 3.10 3.00 2.80 3.20 2.50 2.38 3.20 3.00 2.65 3.05 2.45 2.25 3.10 2.90 2.70 3.15 2.50 2.30 3.15 3.00 3.00 3.30 2.40 2.38 3.30 3.00 2.70 3.10 2.45 2.30 3.20 2.80 2.65 3.10 2.60 2.30 3.10 3.00 2.67 3.15 2.55 2.30 3.20 2.95 0 1 2 1478386800
580774 2.40 3.30 2.70 2.70 3.30 2.40 0 0 0 0 0 0 2.40 3.30 2.80 2.90 3.40 2.30 2.40 3.40 2.50 2.80 3.40 2.40 2.40 3.35 2.50 2.80 3.25 2.25 2.45 3.30 2.60 2.85 3.30 2.30 2.55 3.40 2.70 2.88 3.50 2.38 2.40 3.30 2.55 2.60 3.20 2.40 2.38 3.25 2.65 2.80 3.20 2.30 2.40 3.25 2.70 2.88 3.30 2.25 1 1 2 1478436300
597439 2.40 3.30 2.70 2.90 3.30 2.25 0 0 0 0 0 0 2.40 3.50 2.80 2.88 3.40 2.40 2.40 3.40 2.63 3.10 3.40 2.25 2.50 3.10 2.40 2.50 3.10 2.40 2.40 3.40 2.65 2.85 3.30 2.30 2.50 3.40 2.75 2.88 3.40 2.40 2.30 3.30 2.70 2.60 3.30 2.35 2.40 3.30 2.62 2.75 3.25 2.30 2.35 3.30 2.55 2.88 3.15 2.25 1 1 2 1478440800
576317 2.62 3.75 2.25 2.37 3.75 2.50 2.55 3.48 2.25 2.35 3.10 2.68 2.80 3.60 2.30 2.62 3.60 2.40 2.90 3.40 2.38 2.63 3.40 2.63 2.75 3.30 2.40 2.65 3.30 2.50 2.65 3.50 2.40 2.45 3.50 2.60 2.80 3.60 2.38 2.55 3.75 2.50 2.70 3.30 2.35 2.40 3.40 2.55 2.70 3.50 2.30 2.45 3.50 2.50 2.80 3.20 2.30 2.45 3.30 2.50 1 2 2 1478444400
606938 3.20 3.30 2.25 2.80 3.20 2.70 2.65 3.25 2.35 2.50 3.00 2.65 3.50 3.40 2.05 2.50 3.10 2.90 3.20 3.40 2.20 2.55 3.20 2.88 2.85 3.30 2.50 2.75 3.25 2.60 3.30 3.40 2.20 2.65 3.20 2.75 3.50 3.40 2.15 2.62 3.20 2.90 2.85 3.20 2.45 2.60 3.20 2.80 3.25 3.20 2.15 2.62 3.20 2.75 3.30 3.50 2.20 2.62 3.20 2.95 1 0 0 1478445300
561813 2.37 3.60 2.62 3.10 3.60 2.10 2.22 3.45 2.65 3.05 3.20 2.10 2.40 3.60 2.70 3.25 3.60 2.05 2.38 3.50 2.80 3.40 3.50 2.05 2.20 3.30 2.70 3.05 3.40 1.95 2.15 3.55 2.95 3.20 3.55 2.05 2.45 3.50 2.80 3.20 3.80 2.10 2.20 3.40 3.00 3.20 3.40 2.10 2.15 3.40 2.88 3.10 3.50 2.05 2.15 3.40 3.10 3.25 3.50 2.00 0 1 0 1478451600
617257 3.50 2.87 2.20 2.80 2.50 3.00 3.08 3.00 2.15 2.45 2.85 2.75 3.60 3.00 2.20 2.80 2.62 3.00 3.00 2.88 2.30 2.70 2.88 2.90 3.10 2.95 2.40 2.70 2.65 2.95 3.05 2.95 2.35 2.70 2.65 2.90 3.10 3.00 2.38 2.75 2.62 3.00 3.00 2.95 2.45 2.75 2.70 2.90 3.10 2.90 2.35 2.75 2.62 2.90 3.10 2.95 2.30 2.82 2.80 3.05 1 1 1 1478539800
615811 2.45 2.90 3.10 2.87 3.10 2.45 2.35 2.90 2.83 2.82 3.00 2.30 2.40 3.10 3.00 2.90 3.00 2.50 2.50 3.00 3.00 3.10 3.00 2.45 2.50 2.80 2.90 2.50 3.00 2.70 2.50 3.00 3.15 3.05 3.00 2.55 2.55 3.00 3.12 3.12 3.10 2.45 2.45 2.95 3.00 2.85 3.00 2.65 2.45 3.00 2.90 2.88 3.10 2.38 2.40 2.95 2.88 2.95 2.95 2.35 1 0 1 1478547000
626316 2.20 3.20 3.10 2.50 3.25 2.60 0 0 0 0 0 0 2.25 3.30 3.10 2.75 3.30 2.50 2.20 3.25 3.10 3.00 3.20 2.38 2.15 3.15 3.05 2.55 3.20 2.50 2.15 3.15 3.05 2.55 3.20 2.50 2.30 3.25 3.12 2.75 3.40 2.50 2.20 3.20 3.00 2.30 3.30 2.75 2.10 3.10 3.00 2.65 3.10 2.35 2.15 3.25 2.90 2.40 3.10 2.60 0 2 1 1477501200
573201 2.50 3.30 2.60 2.50 3.30 2.60 2.48 3.28 2.45 2.35 3.15 2.68 2.50 3.40 2.62 2.40 3.30 2.80 2.55 3.40 2.63 2.40 3.25 2.90 2.75 3.30 2.40 2.75 3.30 2.40 2.50 3.35 2.60 2.40 3.30 2.75 2.70 3.50 2.45 2.40 3.50 2.80 2.55 3.30 2.65 2.50 3.50 2.75 2.65 3.25 2.45 2.38 3.30 2.75 2.55 3.30 2.55 2.55 3.30 2.60 0 0 2 1477506600
574224 2.30 3.20 2.62 2.70 3.40 2.50 2.60 3.08 2.45 2.80 3.20 2.25 2.80 3.40 2.40 2.75 3.40 2.40 2.20 3.30 3.30 2.90 3.25 2.40 2.60 3.20 2.50 2.60 3.20 2.50 2.15 3.25 3.20 2.75 3.30 2.40 2.40 3.30 3.10 2.80 3.50 2.50 2.10 3.20 3.20 2.65 3.20 2.45 2.15 3.25 3.20 2.88 3.40 2.45 2.38 3.15 2.90 2.75 3.30 2.40 1 0 3 1477507500
610472 2.62 3.10 2.40 2.87 3.25 2.60 2.70 3.12 2.38 2.52 3.12 2.50 2.40 3.30 2.88 2.62 3.10 2.70 2.50 3.25 2.80 2.70 3.25 2.63 2.65 3.10 2.65 2.65 3.10 2.65 2.60 3.20 2.80 2.80 3.20 2.60 2.60 3.10 3.00 2.62 3.20 2.88 2.45 3.20 2.85 2.80 3.10 2.85 2.40 3.10 2.80 2.80 3.20 2.60 2.60 3.25 2.85 3.00 3.20 2.55 1 1 3 1477593900
596564 2.60 3.40 2.50 2.80 3.30 2.37 2.55 3.33 2.35 2.65 3.10 2.40 2.50 3.30 2.75 2.80 3.30 2.40 2.45 3.30 2.80 3.00 3.25 2.38 2.65 3.10 2.65 2.65 3.10 2.65 2.65 3.25 2.55 2.80 3.25 2.40 2.55 3.30 2.80 2.90 3.40 2.45 2.60 3.20 2.60 2.80 3.40 2.45 2.45 3.25 2.65 2.80 3.20 2.40 2.67 3.25 2.50 2.95 3.25 2.30 0 3 2 1477672200
606936 2.60 3.00 2.50 2.62 3.10 3.00 2.58 3.10 2.50 2.50 3.00 2.65 2.70 3.20 2.62 2.62 3.00 2.80 2.80 3.10 2.60 2.70 3.10 2.80 2.85 3.30 2.50 2.70 3.20 2.70 2.80 3.10 2.70 2.60 3.10 2.90 2.80 3.20 2.62 2.70 3.20 2.88 2.65 3.20 2.60 2.65 3.10 2.85 2.70 3.00 2.62 2.60 3.10 2.90 2.82 3.20 2.70 2.55 3.20 3.05 0 0 2 1477680300
559539 2.80 3.20 2.37 2.60 3.10 2.60 2.65 3.30 2.32 2.35 3.20 2.67 2.88 3.30 2.40 2.60 3.20 2.75 2.90 3.00 2.38 2.55 3.10 2.88 2.75 3.10 2.35 2.50 3.05 2.60 2.85 3.20 2.40 2.45 3.15 2.85 2.88 3.40 2.40 2.55 3.30 2.75 2.80 3.10 2.40 2.50 3.10 2.65 2.80 3.10 2.35 2.50 3.00 2.65 2.80 3.15 2.35 2.30 3.15 2.85 1 2 2 1477717200
562780 2.10 3.40 3.00 2.60 3.10 2.60 0 0 0 0 0 0 2.40 3.30 2.80 2.70 3.25 2.60 2.10 3.40 2.88 2.70 3.30 2.55 2.05 3.45 3.00 2.50 3.15 2.55 2.15 3.50 2.95 2.60 3.20 2.55 2.15 3.50 3.25 2.75 3.30 2.55 2.10 3.30 3.00 2.35 3.30 2.65 2.20 3.10 3.10 2.70 3.10 2.45 2.10 3.40 2.85 2.55 3.30 2.55 1 3 3 1477742400
562784 2.37 3.25 2.70 2.62 3.25 2.50 0 0 0 0 0 0 2.50 3.30 2.62 3.00 3.40 2.25 2.30 3.25 2.70 3.30 3.30 2.20 2.30 3.30 2.70 2.70 3.20 2.35 2.35 3.35 2.75 2.95 3.30 2.25 2.40 3.40 2.88 3.00 3.50 2.25 2.30 3.20 2.75 2.55 3.30 2.40 2.38 3.10 2.80 2.90 3.25 2.20 2.30 3.20 2.65 2.85 3.30 2.25 0 2 1 1477749600
610897 2.60 3.00 2.70 2.80 3.20 2.37 0 0 0 0 0 0 2.60 3.25 2.70 2.90 3.00 2.50 2.50 3.00 2.63 3.00 3.20 2.38 2.50 3.00 2.65 2.75 3.05 2.40 2.55 3.05 2.70 2.80 3.10 2.40 2.70 3.00 2.75 2.90 3.10 2.55 2.60 3.00 2.60 2.60 3.00 2.60 2.55 2.88 2.65 2.75 3.10 2.35 2.50 2.90 2.62 2.82 2.95 2.30 0 1 0 1477749600
573890 2.80 3.30 2.50 2.70 3.10 2.70 2.60 3.32 2.35 2.45 3.15 2.60 2.80 3.40 2.40 2.62 3.25 2.62 2.80 3.25 2.50 2.63 3.30 2.70 2.60 3.20 2.60 2.60 3.20 2.60 2.95 3.30 2.45 2.65 3.30 2.70 3.20 3.30 2.38 2.70 3.30 2.75 3.10 3.20 2.30 2.75 3.30 2.60 2.70 3.20 2.45 2.62 3.30 2.75 2.95 3.30 2.50 2.62 3.40 2.82 0 1 2 1477753200
573882 2.75 3.20 2.62 2.70 3.10 2.70 2.55 3.05 2.55 2.40 3.05 2.72 2.88 3.00 2.60 2.50 3.10 2.90 3.00 3.00 2.50 2.50 3.10 3.00 2.65 3.10 2.65 2.65 3.10 2.65 2.95 3.10 2.55 2.60 3.15 2.85 2.70 3.25 2.75 2.62 3.20 2.90 2.65 3.15 2.65 2.65 3.20 2.75 2.55 3.00 2.75 2.55 3.10 3.00 2.90 3.20 2.67 2.88 3.15 2.67 1 1 1 1477764000
580994 2.50 3.20 2.62 2.70 3.20 2.45 0 0 0 0 0 0 2.40 3.50 2.62 3.10 3.40 2.25 2.40 3.20 2.60 3.40 3.30 2.15 2.45 3.20 2.60 2.95 3.25 2.15 2.45 3.25 2.60 2.95 3.30 2.20 2.55 3.25 2.75 3.10 3.50 2.20 2.40 3.20 2.60 2.80 3.20 2.25 2.70 3.10 2.30 2.90 3.25 2.10 2.40 3.20 2.55 2.80 3.20 2.25 0 2 0 1477764000
569424 2.45 3.10 2.75 2.60 3.00 2.62 0 0 0 0 0 0 2.50 3.25 2.80 2.70 3.20 2.62 2.50 3.00 2.60 2.70 3.20 2.63 2.55 3.10 2.55 2.60 3.05 2.55 2.50 3.00 2.70 2.60 3.05 2.55 2.55 3.25 2.75 2.70 3.20 2.62 2.50 3.10 2.60 2.50 3.00 2.65 2.50 3.10 2.60 2.60 3.00 2.60 2.50 3.00 2.60 2.60 3.10 2.55 0 1 0 1477767600
618617 3.00 2.90 2.40 2.60 2.87 2.80 2.68 2.90 2.50 2.35 2.90 2.90 3.10 3.00 2.40 2.50 2.90 3.00 3.00 2.88 2.30 2.50 3.00 3.00 3.00 2.90 2.30 2.40 2.85 2.95 3.10 2.95 2.35 2.45 2.90 3.00 3.30 3.00 2.40 2.50 3.00 3.10 3.10 2.85 2.30 2.40 2.85 2.90 3.10 2.90 2.35 2.45 2.88 3.00 2.75 2.90 2.55 2.35 2.95 2.90 1 1 1 1477775700
575107 2.60 3.00 2.62 2.60 3.00 2.62 0 0 0 0 0 0 2.88 3.10 2.50 2.90 3.10 2.40 2.50 3.00 2.63 3.10 3.00 2.30 2.45 2.90 2.65 2.80 2.90 2.35 2.50 3.00 2.70 2.80 2.95 2.45 2.60 2.90 2.70 2.80 3.00 2.45 2.50 3.00 2.65 2.60 2.95 2.60 2.55 2.80 2.70 2.90 2.90 2.35 2.50 3.00 2.60 2.85 3.00 2.30 0 1 0 1477807200
559966 2.70 2.90 2.70 2.70 2.90 2.70 2.50 3.08 2.55 2.65 3.00 2.45 2.50 3.10 2.90 2.90 3.00 2.50 2.50 3.20 2.60 3.10 3.00 2.45 2.55 2.85 2.60 2.80 2.80 2.40 2.60 2.95 2.70 2.90 2.90 2.50 2.50 3.10 2.88 3.00 3.00 2.50 2.60 2.90 2.70 2.80 2.85 2.55 2.45 2.90 2.80 2.80 2.88 2.55 2.60 2.95 2.67 2.90 2.90 2.40 1 1 1 1477810800
575108 2.60 3.10 2.60 2.60 3.10 2.60 0 0 0 0 0 0 2.70 3.10 2.70 2.40 3.10 3.00 2.63 3.00 2.50 2.25 3.00 3.25 2.50 3.15 2.40 2.25 2.85 3.00 2.60 3.15 2.50 2.35 2.90 3.05 2.70 3.00 2.55 2.30 3.00 3.00 2.65 3.00 2.50 2.50 3.00 2.65 2.65 2.90 2.50 2.38 2.88 2.90 2.60 3.00 2.50 2.25 3.00 2.90 0 2 3 1477818000
565278 2.60 3.50 2.45 2.00 3.60 3.30 0 0 0 0 0 0 2.50 3.80 2.40 2.00 3.60 3.40 2.50 3.40 2.40 2.00 3.75 3.30 2.50 3.30 2.35 1.95 3.40 3.15 2.60 3.45 2.40 2.00 3.55 3.25 2.70 3.40 2.55 1.95 3.70 3.60 2.60 3.20 2.40 2.00 3.30 3.25 2.50 3.50 2.40 2.00 3.50 3.20 2.55 3.20 2.50 2.15 3.30 2.90 1 2 1 1477828800
580770 2.45 3.25 2.70 2.75 3.30 2.37 0 0 0 0 0 0 2.50 3.40 2.62 3.00 3.30 2.30 2.40 3.20 2.60 3.10 3.20 2.30 2.40 3.30 2.60 2.90 3.25 2.20 2.45 3.35 2.65 2.95 3.30 2.20 2.45 3.40 2.80 3.00 3.40 2.30 2.40 3.20 2.65 2.70 3.25 2.30 0 0 0 0 0 0 2.40 3.20 2.55 2.80 3.25 2.35 1 1 2 1477831500
597433 2.37 3.30 2.75 2.62 3.25 2.50 0 0 0 0 0 0 2.38 3.40 2.80 2.88 3.30 2.40 2.25 3.20 2.80 2.88 3.30 2.40 2.30 3.10 2.60 2.30 3.10 2.60 2.35 3.25 2.80 2.70 3.25 2.40 2.40 3.20 2.90 2.90 3.40 2.38 2.30 3.25 2.70 2.45 3.25 2.55 2.25 3.25 2.80 2.80 3.20 2.30 2.25 3.15 2.70 2.67 3.20 2.30 0 1 0 1477836000
576313 2.50 3.30 2.60 2.75 3.30 2.37 2.38 3.30 2.50 2.72 3.10 2.30 2.50 3.50 2.62 2.80 3.30 2.50 2.55 3.20 2.80 2.63 3.40 2.55 2.50 3.30 2.65 2.50 3.30 2.65 2.45 3.35 2.65 2.75 3.30 2.40 2.50 3.50 2.70 2.70 3.40 2.55 2.45 3.30 2.55 2.45 3.40 2.50 2.45 3.30 2.60 2.60 3.30 2.45 2.45 3.15 2.67 2.55 3.25 2.35 1 0 0 1477839600
617254 2.60 3.00 2.70 3.10 2.80 2.45 2.70 2.90 2.45 2.80 2.90 2.37 2.90 2.90 2.62 3.50 2.75 2.40 2.50 3.00 2.60 3.40 3.00 2.30 2.50 2.95 2.90 3.30 2.80 2.35 2.50 3.00 2.70 3.35 2.75 2.30 2.60 3.00 2.75 3.40 2.88 2.30 2.50 2.95 2.90 3.50 2.95 2.20 2.62 2.90 2.75 3.40 2.80 2.30 2.40 2.95 2.90 3.40 2.95 2.40 1 0 0 1477840500
607345 2.40 3.00 3.00 2.87 3.00 2.50 2.35 2.95 2.78 2.60 2.95 2.50 2.38 3.10 3.10 2.75 3.00 2.70 2.25 3.00 3.20 2.80 3.00 2.70 2.60 3.00 2.60 2.60 3.00 2.60 2.30 3.00 3.10 2.75 2.95 2.60 2.40 3.10 3.20 2.75 3.10 2.75 2.45 2.90 2.90 2.85 2.95 2.70 2.35 3.00 3.10 2.65 2.90 2.70 2.45 2.95 2.82 2.67 2.95 2.55 1 2 2 1477846800
573631 2.80 3.10 2.50 2.80 3.10 2.50 0 0 0 0 0 0 2.62 3.25 2.62 2.90 3.00 2.50 2.10 3.10 3.40 3.00 3.10 2.45 2.70 2.90 2.55 2.80 3.00 2.35 2.60 3.10 2.70 2.90 3.10 2.45 2.70 3.12 2.70 2.80 3.20 2.55 2.55 3.10 2.75 2.75 3.20 2.45 2.50 3.10 2.65 2.75 3.00 2.45 2.70 3.05 2.50 2.85 3.05 2.40 1 1 1 1477846800
573206 2.50 3.30 2.60 2.70 3.30 2.40 2.45 3.42 2.40 2.55 3.42 2.30 2.50 3.40 2.60 2.80 3.30 2.40 2.55 3.50 2.55 2.90 3.40 2.30 2.60 3.20 2.60 2.60 3.20 2.60 2.60 3.35 2.50 2.80 3.30 2.35 2.55 3.50 2.62 2.88 3.40 2.40 2.50 3.50 2.60 2.75 3.60 2.45 2.55 3.30 2.55 2.80 3.25 2.35 2.50 3.40 2.55 2.75 3.40 2.38 1 0 1 1477854000
581190 2.25 3.30 3.00 2.70 3.50 2.37 2.58 3.30 2.35 2.75 3.15 2.30 2.40 3.40 2.80 2.90 3.50 2.30 2.30 3.20 2.75 3.00 3.25 2.35 2.25 3.20 2.85 2.80 3.30 2.20 2.30 3.25 2.80 2.85 3.35 2.25 2.30 3.30 3.10 2.88 3.60 2.30 2.35 3.20 2.75 2.75 3.20 2.35 2.30 3.25 2.75 2.80 3.40 2.20 2.30 3.20 2.65 2.85 3.30 2.20 1 2 2 1477872000
597435 2.60 3.30 2.50 2.62 3.40 2.40 0 0 0 0 0 0 2.62 3.40 2.50 2.70 3.30 2.60 2.40 3.20 2.60 2.80 3.30 2.45 2.40 3.10 2.50 2.60 3.10 2.30 2.55 3.30 2.50 2.60 3.35 2.45 2.50 3.20 2.62 2.70 3.50 2.50 2.60 3.25 2.40 2.60 3.25 2.40 2.40 3.25 2.62 2.38 3.10 2.62 2.50 3.10 2.45 2.50 3.25 2.40 0 2 1 1477939500
578235 2.40 3.10 2.60 2.75 3.30 2.60 2.50 3.15 2.50 2.58 3.05 2.50 2.50 3.30 2.75 2.62 3.30 2.60 2.38 3.40 2.88 2.88 3.40 2.63 2.30 3.25 2.75 2.50 3.15 2.55 2.35 3.35 2.85 2.55 3.25 2.65 2.38 3.40 3.00 2.75 3.40 2.62 2.45 3.20 2.65 2.45 3.25 2.60 2.35 3.20 2.88 2.75 3.40 2.50 2.45 3.25 2.67 2.62 3.25 2.45 1 0 1 1476816300
577671 2.40 3.10 2.60 3.10 3.30 2.40 2.45 3.15 2.55 2.80 3.15 2.25 2.40 3.30 2.80 3.00 3.25 2.40 2.38 3.25 3.00 3.20 3.30 2.45 2.35 3.10 2.75 2.80 3.05 2.35 2.40 3.20 2.85 2.95 3.20 2.35 2.40 3.30 3.00 3.12 3.30 2.45 2.40 3.20 2.85 2.95 3.20 2.35 2.70 3.25 2.60 2.80 3.30 2.50 2.35 3.20 3.00 2.75 3.20 2.70 0 1 0 1476816300
577678 2.60 3.10 2.40 2.70 3.20 2.80 2.45 3.15 2.55 2.50 3.00 2.60 2.80 3.20 2.50 2.70 3.10 2.75 2.63 3.25 2.63 2.80 3.20 2.80 2.60 3.10 2.50 2.50 2.95 2.70 2.60 3.20 2.60 2.60 3.00 2.70 2.75 3.30 2.60 2.75 3.20 2.88 2.60 3.20 2.60 2.65 3.00 2.70 2.62 3.25 2.62 2.75 3.10 2.75 2.62 3.20 2.62 2.67 3.10 2.85 1 3 1 1476902700
622910 2.60 3.40 2.62 2.60 3.40 2.80 2.35 3.33 2.55 2.35 3.10 2.70 2.50 3.40 2.62 2.62 3.20 2.70 2.75 3.40 2.45 2.80 3.30 2.75 2.65 3.30 2.50 2.60 3.20 2.60 2.65 3.30 2.60 2.50 3.35 2.75 2.80 3.30 2.50 2.70 3.30 2.75 2.70 3.30 2.50 2.65 3.30 2.70 2.55 3.25 2.55 2.60 3.30 2.80 2.70 3.50 2.60 2.60 3.30 2.85 0 0 1 1476982800
579894 2.40 3.50 2.60 2.60 3.50 2.37 2.42 3.45 2.42 2.55 3.25 2.40 2.40 3.60 2.70 2.63 3.40 2.50 2.25 3.30 3.20 2.63 3.50 2.50 2.45 3.35 2.50 2.60 3.35 2.35 2.30 3.40 2.75 2.55 3.45 2.45 2.38 3.50 2.80 2.60 3.50 2.55 2.40 3.25 2.60 2.30 3.50 2.55 2.40 3.50 2.60 2.60 3.40 2.45 2.38 3.20 2.70 2.62 3.30 2.38 0 4 1 1477072800
577689 2.62 3.20 2.75 2.87 3.25 2.60 2.45 3.15 2.55 2.65 3.15 2.35 2.62 3.20 2.70 3.00 3.20 2.60 2.60 3.25 2.70 3.00 3.20 2.63 2.55 3.00 2.60 2.80 3.00 2.40 2.55 3.20 2.65 2.80 3.20 2.50 2.70 3.25 2.70 2.90 3.25 2.62 2.60 3.20 2.60 2.90 3.20 2.60 2.55 3.10 2.65 2.90 3.20 2.62 2.65 3.40 2.70 2.95 3.25 2.50 0 2 0 1477075500
575098 2.15 3.20 3.20 2.60 3.00 2.62 0 0 0 0 0 0 2.30 3.10 3.10 2.80 3.00 2.62 2.10 3.10 3.20 2.63 3.10 2.55 2.05 3.00 3.15 2.50 2.95 2.60 2.10 3.10 3.25 2.60 3.00 2.60 2.05 3.20 3.30 2.80 3.10 2.40 1.95 3.30 3.75 2.50 3.10 2.80 2.10 3.00 3.20 2.80 2.90 2.40 2.10 3.00 3.20 2.45 3.05 2.60 1 0 4 1477130400
575091 2.75 3.20 2.37 2.45 2.90 2.87 0 0 0 0 0 0 2.90 3.10 2.50 2.40 3.00 3.20 2.63 3.25 2.38 2.25 3.20 3.30 2.75 3.10 2.30 2.30 2.90 2.90 2.80 3.15 2.35 2.30 2.95 3.05 2.80 3.10 2.38 2.30 3.00 3.00 3.30 3.20 2.15 2.40 3.10 2.90 2.70 2.90 2.45 2.25 2.88 3.00 2.60 3.20 2.35 2.25 3.00 2.90 0 0 1 1477134000
615778 2.75 2.90 2.70 2.80 2.80 2.70 2.60 2.95 2.50 2.60 2.95 2.50 2.70 3.00 2.75 2.75 2.88 2.88 2.70 3.00 2.80 2.70 3.00 2.80 2.70 2.90 2.60 2.70 2.90 2.60 2.60 2.95 2.95 2.80 2.95 2.75 2.80 2.88 2.90 2.75 2.90 2.90 2.70 2.90 2.75 2.90 2.95 2.65 2.65 2.90 2.70 2.62 2.90 2.75 2.60 2.90 2.67 2.75 2.85 2.55 1 1 1 1477141200
611286 2.37 3.40 2.75 2.37 3.40 2.75 2.25 3.40 2.60 2.25 3.40 2.60 2.75 3.30 2.50 2.30 3.30 3.00 3.10 3.30 2.30 2.30 3.30 3.10 2.40 3.20 2.70 2.40 3.20 2.70 2.80 3.25 2.35 2.30 3.30 2.90 2.90 3.40 2.38 2.30 3.40 3.00 2.75 3.30 2.38 2.40 3.25 2.80 2.30 3.30 2.80 2.25 3.30 2.90 2.50 3.50 2.88 2.40 3.40 3.10 0 0 2 1477141200
572808 2.60 3.20 2.75 3.10 3.20 2.50 2.60 3.20 2.45 2.78 3.20 2.30 2.60 3.25 2.75 3.00 3.25 2.50 2.60 3.20 2.75 3.00 3.30 2.60 2.70 3.20 2.70 2.70 3.20 2.70 2.60 3.20 2.80 2.90 3.20 2.55 2.62 3.25 2.90 3.00 3.30 2.60 2.50 3.20 2.80 3.00 3.20 2.45 2.45 3.00 2.88 3.00 3.25 2.50 2.65 3.20 2.85 3.00 3.30 2.50 1 0 2 1477144800
578255 2.30 3.20 2.88 2.62 3.10 2.80 2.30 3.08 2.80 2.45 3.10 2.60 2.05 3.25 3.60 2.80 3.00 2.62 2.25 3.25 3.20 2.90 3.10 2.80 2.20 3.05 3.00 2.60 2.95 2.55 2.25 3.20 3.10 2.75 3.05 2.60 2.30 3.30 3.20 2.88 3.25 2.60 2.25 3.25 2.90 2.50 3.10 2.65 2.25 3.10 3.20 2.80 3.10 2.75 2.25 3.15 2.95 2.67 3.00 2.55 1 3 3 1477144800
617342 2.40 2.80 2.87 2.75 2.90 2.62 0 0 0 0 0 0 2.40 3.00 3.00 2.90 2.75 2.75 2.40 3.10 2.70 2.70 3.10 2.50 2.40 3.00 2.65 2.70 2.80 2.50 2.40 3.05 2.80 2.75 2.90 2.55 2.38 3.00 2.62 2.62 2.75 2.55 2.40 3.00 2.75 2.60 2.95 2.60 0 0 0 0 0 0 2.35 3.00 2.75 2.67 2.85 2.50 1 1 2 1477148400
597429 2.37 3.30 2.75 2.30 3.25 2.87 0 0 0 0 0 0 2.60 3.40 2.60 2.25 3.30 3.10 2.63 3.60 2.30 2.20 3.50 3.10 2.30 3.10 2.60 2.30 3.10 2.60 2.65 3.60 2.30 2.25 3.25 3.00 2.80 3.50 2.40 2.20 3.40 3.20 2.35 3.20 2.70 2.35 3.20 2.70 2.70 3.25 2.35 2.15 3.20 3.00 2.55 3.50 2.25 2.20 3.15 2.85 0 0 1 1477151100
573871 2.80 3.10 2.62 2.60 2.90 3.00 2.55 3.00 2.60 2.35 2.95 2.90 2.62 3.10 2.75 2.50 2.90 3.00 2.88 3.00 2.63 2.50 3.00 3.20 2.60 3.00 2.80 2.60 3.00 2.80 2.80 3.05 2.70 2.65 3.00 2.95 2.80 3.00 2.88 2.60 3.00 3.10 2.70 2.95 2.75 2.65 3.00 2.95 2.75 2.90 2.60 2.55 2.90 3.20 2.90 3.10 2.70 2.75 3.00 3.00 1 0 0 1477159200
575848 2.40 3.30 2.70 2.87 3.25 2.30 2.35 3.40 2.52 3.00 3.05 2.20 2.50 3.50 2.62 2.90 3.40 2.38 2.50 3.40 2.70 3.10 3.40 2.25 2.40 3.40 2.65 2.60 3.40 2.40 2.45 3.35 2.65 3.00 3.25 2.30 2.55 3.40 2.70 3.00 3.40 2.38 2.55 3.30 2.60 2.85 3.30 2.35 2.50 3.30 2.62 3.00 3.30 2.35 2.50 3.15 2.67 2.85 3.20 2.35 1 0 1 1477161900
559949 2.70 2.90 2.70 2.80 3.00 2.50 2.60 3.00 2.50 2.55 3.00 2.55 2.62 3.00 2.80 2.80 2.90 2.75 2.60 2.88 2.75 2.80 3.10 2.60 2.55 2.85 2.60 2.70 2.80 2.50 2.75 2.95 2.60 2.80 2.90 2.55 2.70 3.00 2.75 2.75 3.00 2.70 2.65 2.90 2.65 2.65 2.90 2.65 2.65 2.90 2.62 2.65 2.80 2.70 2.67 2.95 2.55 2.80 2.90 2.50 1 1 1 1477195200
626399 2.30 3.00 3.10 2.75 2.80 2.70 2.28 3.05 2.85 2.75 2.90 2.45 2.40 3.10 3.10 3.00 2.88 2.62 2.30 3.20 2.88 2.88 3.20 2.50 2.25 3.05 2.95 2.55 2.90 2.70 2.25 3.05 3.00 2.75 2.90 2.60 2.38 3.20 3.10 2.90 3.00 2.60 2.30 3.20 2.85 2.50 3.10 2.65 2.30 3.10 2.88 2.88 2.80 2.50 2.20 3.10 2.88 2.62 3.00 2.40 0 2 0 1477202400
580767 2.37 3.30 2.70 3.00 3.20 2.25 0 0 0 0 0 0 2.40 3.40 2.80 3.10 3.10 2.38 2.30 3.25 2.70 3.40 3.20 2.20 2.30 3.25 2.70 2.95 3.10 2.20 2.35 3.30 2.75 3.00 3.15 2.25 2.40 3.25 3.00 3.10 3.30 2.30 2.35 3.20 2.70 2.75 3.20 2.30 2.35 3.10 2.80 2.88 3.20 2.30 2.30 3.25 2.65 2.88 3.25 2.30 1 1 2 1477220400
580766 2.62 3.40 2.37 2.70 3.20 2.45 0 0 0 0 0 0 2.70 3.30 2.50 2.38 3.30 2.90 2.60 3.40 2.30 2.40 3.40 2.80 2.60 3.40 2.30 2.65 3.20 2.40 2.65 3.50 2.35 2.60 3.25 2.50 2.80 3.40 2.45 2.30 3.40 3.00 2.60 3.30 2.35 2.40 3.40 2.50 2.75 3.20 2.38 2.30 3.20 2.80 2.55 3.40 2.30 2.67 3.30 2.40 1 5 1 1477220400
596553 2.62 3.20 2.60 2.75 3.40 2.37 2.55 3.25 2.40 2.85 3.35 2.15 2.50 3.30 2.80 3.00 3.40 2.25 2.50 3.25 2.80 3.10 3.50 2.20 2.60 3.20 2.60 2.60 3.20 2.60 2.65 3.20 2.60 2.85 3.35 2.30 2.60 3.25 2.80 3.10 3.60 2.25 2.60 3.20 2.60 3.00 3.25 2.40 2.50 3.10 2.75 2.90 3.30 2.25 2.50 3.20 2.70 2.90 3.30 2.25 1 1 3 1477222200
610882 2.70 2.90 2.60 2.70 2.90 2.60 0 0 0 0 0 0 2.62 3.10 2.80 3.00 2.88 2.60 2.50 3.00 2.63 3.10 3.10 2.40 2.60 2.90 2.60 2.90 2.90 2.40 2.55 3.05 2.75 2.95 2.95 2.40 2.62 3.10 2.80 3.10 3.00 2.50 2.35 3.00 2.90 2.85 3.00 2.40 2.80 2.88 2.40 2.90 2.70 2.45 2.50 3.00 2.60 2.90 2.90 2.30 1 1 1 1477234800
610878 2.60 2.90 2.70 2.60 2.90 2.70 0 0 0 0 0 0 2.62 3.10 2.75 2.40 3.00 3.10 2.63 3.00 2.50 2.40 2.88 3.30 2.55 3.10 2.55 2.35 2.85 3.00 2.75 3.05 2.55 2.40 2.90 3.05 2.70 3.00 2.80 2.40 3.00 3.20 2.95 2.95 2.35 2.55 2.95 2.70 2.50 2.80 2.80 2.45 2.80 2.88 2.60 3.00 2.50 2.40 2.85 2.85 0 1 2 1477234800
610456 2.50 3.20 2.87 2.80 3.20 2.70 2.35 3.00 2.83 2.55 3.00 2.58 2.50 3.10 2.90 2.75 3.00 2.70 2.50 3.20 2.80 2.90 3.00 2.70 2.40 3.30 2.75 2.40 3.30 2.75 2.55 3.15 2.90 2.80 3.00 2.75 2.60 3.10 3.00 2.80 3.10 2.75 2.45 3.10 2.95 2.80 3.00 2.80 2.50 3.00 2.80 2.80 3.10 2.70 2.60 3.20 2.88 2.90 3.10 2.75 1 1 1 1477238400
581180 2.60 3.25 2.40 2.37 3.20 2.87 2.55 3.20 2.42 2.30 2.95 2.93 2.62 3.30 2.50 2.38 3.10 3.10 2.55 3.25 2.40 2.30 3.25 3.00 2.60 3.25 2.40 2.30 3.05 2.85 2.65 3.30 2.45 2.35 3.10 2.90 2.62 3.40 2.60 2.30 3.25 3.10 2.65 3.25 2.40 2.55 3.00 2.65 2.60 3.25 2.45 2.25 3.10 3.00 2.60 3.30 2.40 2.40 3.10 2.70 0 1 3 1477242000
561574 2.50 3.20 2.80 2.75 3.50 2.37 2.50 3.15 2.50 2.70 3.20 2.30 2.50 3.60 2.60 2.75 3.60 2.38 2.50 3.20 2.88 2.63 3.50 2.50 2.45 3.15 2.60 2.55 3.35 2.40 2.45 3.15 2.75 2.60 3.45 2.45 2.50 3.40 2.80 2.80 3.60 2.40 2.50 3.20 2.75 2.65 3.20 2.55 2.38 3.40 2.70 2.62 3.50 2.50 2.50 3.30 2.55 2.55 3.40 2.50 1 0 2 1477252800
561570 2.20 3.20 3.40 2.87 3.30 2.37 2.35 3.25 2.60 2.65 3.25 2.30 2.40 3.40 2.80 2.90 3.40 2.30 2.20 3.20 3.40 2.80 3.40 2.40 2.10 3.05 3.25 2.75 3.25 2.25 2.15 3.10 3.35 2.85 3.30 2.30 2.20 3.30 3.40 3.00 3.40 2.40 2.20 3.10 3.25 2.85 3.40 2.30 2.10 3.30 3.20 2.80 3.40 2.45 2.40 3.30 2.75 2.82 3.20 2.55 1 0 0 1477252800
562525 2.40 3.40 2.70 2.60 3.40 2.50 2.33 3.30 2.60 2.60 3.00 2.50 2.38 3.30 2.90 2.50 3.50 2.62 2.10 3.50 3.30 2.65 3.40 2.55 2.40 3.20 2.70 2.40 3.20 2.70 2.35 3.35 2.80 2.60 3.30 2.55 2.15 3.50 3.30 2.70 3.40 2.60 2.10 3.40 3.30 2.65 3.40 2.50 2.10 3.30 3.20 2.50 3.10 2.50 2.05 3.40 3.30 2.80 3.25 2.40 0 1 0 1477328400
562772 2.25 3.30 2.90 2.80 3.20 2.37 0 0 0 0 0 0 2.50 3.30 2.75 2.90 3.20 2.40 2.30 3.40 3.00 3.00 3.30 2.35 2.20 3.25 2.85 2.80 3.10 2.30 2.25 3.30 2.95 2.85 3.15 2.35 2.30 3.40 3.00 3.00 3.30 2.38 2.25 3.20 2.85 2.65 3.30 2.35 2.25 3.10 3.00 2.88 3.10 2.30 2.15 3.25 2.90 2.80 3.20 2.38 1 0 1 1477328400
597427 2.70 3.30 2.40 2.40 3.40 2.62 0 0 0 0 0 0 2.75 3.40 2.40 2.50 3.25 2.80 2.63 3.60 2.30 2.50 3.40 2.70 2.60 3.10 2.30 2.40 3.10 2.50 2.65 3.60 2.30 2.45 3.30 2.60 2.80 3.50 2.40 2.50 3.40 2.75 2.60 3.30 2.35 2.60 3.30 2.35 2.70 3.25 2.35 2.62 3.10 2.38 2.55 3.50 2.25 2.45 3.20 2.50 1 0 0 1477331100
569036 2.90 3.00 2.50 2.60 2.80 2.87 2.58 3.20 2.40 2.45 2.95 2.70 2.90 3.10 2.50 2.62 2.90 2.90 2.75 3.50 2.40 2.60 3.10 2.80 2.85 2.85 2.45 2.50 2.85 2.80 2.85 3.10 2.45 2.55 2.90 2.90 2.88 3.30 2.45 2.60 3.00 3.00 2.85 3.00 2.40 2.60 2.95 2.65 2.88 3.10 2.40 2.80 2.90 2.55 2.82 3.20 2.40 2.55 2.95 2.82 1 1 0 1477346400
