model3:538734 5.00 4.20 1.61 5.00 4.00 1.65 5.20 4.10 1.48 5.12 3.70 1.55 6.00 4.20 1.53 4.75 3.90 1.62 7.00 4.00 1.50 5.75 4.00 1.55 5.50 4.00 1.55 5.10 3.60 1.65 7.00 4.25 1.48 5.75 3.85 1.60 8.00 4.50 1.45 6.50 4.00 1.57 7.50 4.20 1.44 5.50 3.80 1.65 7.50 4.00 1.44 5.25 3.80 1.67 6.50 4.33 1.53 5.75 3.80 1.67 0 0 1
model3:538740 1.95 3.40 4.00 2.00 3.40 3.80 1.87 3.30 3.65 2.00 3.20 3.32 1.75 3.50 4.50 1.95 3.30 4.00 1.80 3.40 4.75 2.00 3.30 4.00 1.90 3.30 4.00 1.90 3.30 4.00 1.90 3.30 4.50 2.00 3.30 4.00 1.83 3.40 5.00 2.00 3.25 4.33 1.83 3.40 4.75 1.95 3.40 4.10 1.75 3.30 4.75 1.95 3.30 4.33 1.91 3.50 4.33 1.91 3.50 4.20 1 1 0
model3:519045 1.70 3.80 4.80 1.80 3.30 5.00 1.60 3.80 4.60 1.70 3.55 4.20 1.55 4.00 6.00 1.83 3.75 4.50 1.50 4.33 6.00 1.80 3.75 5.00 1.65 3.70 4.90 1.85 3.45 4.00 1.53 4.25 6.00 1.78 3.70 4.50 1.53 4.30 7.00 1.83 3.70 4.80 1.50 4.25 6.00 1.80 3.60 4.60 1.50 4.00 5.80 1.80 3.75 4.50 1.55 4.33 6.00 1.80 3.75 4.75 2 2 0.75
model3:520784 1.85 3.75 4.00 1.95 3.60 3.75 1.80 3.58 3.55 1.90 3.30 3.48 1.83 3.60 4.20 2.05 3.50 3.40 1.73 3.80 4.50 1.95 3.75 4.00 1.80 3.40 4.00 1.80 3.40 4.00 1.70 3.75 4.45 1.90 3.50 3.70 1.75 3.80 4.75 2.05 3.70 3.50 1.70 3.60 4.25 1.90 3.70 3.30 1.70 3.70 4.50 2.10 3.40 3.40 1.83 3.50 3.75 1.85 3.50 3.60 0 0 0
model3:525461 1.33 4.40 9.00 1.44 4.00 7.00 1.30 4.40 8.30 1.35 4.00 7.90 1.35 4.50 11.00 1.35 4.50 10.00 1.33 4.75 10.00 1.40 4.33 8.50 1.30 4.30 8.75 1.40 4.00 6.75 1.30 4.45 9.50 1.40 4.15 7.50 1.30 4.75 10.50 1.40 4.20 8.00 1.30 4.33 9.75 1.36 4.20 7.75 1.30 4.33 12.00 1.36 4.20 9.50 1.30 4.50 9.00 1.36 4.20 7.50 2 0 1.25
model3:529191 1.70 3.40 4.80 1.83 3.40 4.00 1.60 3.50 4.85 1.70 3.50 4.10 1.70 3.60 5.25 1.85 3.50 4.33 1.62 3.80 5.50 1.83 3.50 4.20 1.80 3.50 4.20 1.80 3.50 4.20 1.65 3.55 5.25 1.80 3.45 4.15 1.67 3.80 5.40 1.85 3.60 4.30 1.72 3.60 4.50 1.85 3.50 4.00 1.67 3.50 5.25 1.80 3.40 4.25 1.65 3.50 5.00 1.80 3.40 4.20 2 2 0
model3:558060 1.40 4.00 8.00 1.44 4.00 7.00 1.37 4.00 7.30 1.40 3.90 6.80 1.48 4.00 7.50 1.50 4.00 7.00 1.40 4.00 7.00 1.50 3.80 7.50 1.35 4.05 7.75 1.50 3.70 6.00 1.45 3.95 7.25 1.50 3.85 6.25 1.44 4.00 9.00 1.50 4.10 7.00 1.36 3.90 8.25 1.40 3.80 7.50 1.44 3.90 7.50 1.50 3.80 6.50 1.36 4.00 7.50 1.44 3.80 6.00 2 1 1
model3:525456 1.50 3.75 6.50 1.65 3.50 5.00 1.53 3.75 5.10 1.68 3.50 4.25 1.57 3.80 6.00 1.60 3.80 6.00 1.53 4.00 6.00 1.73 3.40 5.25 1.55 3.60 5.50 1.65 3.40 4.90 1.55 3.70 5.75 1.70 3.45 4.90 1.55 3.80 6.00 1.70 3.50 5.00 1.60 3.60 5.00 1.60 3.60 5.00 1.57 3.70 5.75 1.67 3.60 4.80 1.55 3.70 5.70 1.67 3.50 4.70 2 1 0.75
model3:520777 1.55 4.00 6.00 1.80 3.75 4.20 1.55 3.90 4.65 1.65 3.50 4.45 1.55 4.00 6.00 1.70 3.80 4.75 1.50 4.33 6.00 1.67 4.20 5.25 1.60 3.60 5.00 1.60 3.60 5.00 1.45 4.10 6.75 1.65 3.80 4.60 1.50 4.33 7.00 1.70 4.10 4.80 1.48 4.10 5.50 1.60 3.90 4.60 1.44 4.00 6.50 1.67 4.00 5.00 1.50 4.20 6.00 1.65 3.75 4.50 3 0 0.75
model3:558069 1.57 3.50 6.00 1.80 3.25 4.40 1.53 3.55 5.50 1.80 3.35 3.80 1.73 3.40 5.25 1.80 3.40 4.75 1.60 3.50 5.00 1.80 3.10 5.25 1.55 3.40 5.75 1.75 3.20 4.45 1.70 3.40 5.00 1.80 3.30 4.55 1.57 3.60 7.00 1.80 3.40 4.80 1.60 3.25 5.50 1.65 3.20 5.25 1.70 3.40 5.00 1.75 3.40 4.40 1.57 3.50 5.70 1.73 3.25 4.70 0 2 0.75
model3:525447 1.75 3.30 4.60 1.95 3.10 4.00 1.72 3.35 4.20 1.80 3.20 4.00 1.85 3.30 4.33 1.91 3.20 4.33 1.73 3.60 4.75 1.85 3.30 4.50 1.70 3.40 4.45 1.80 3.10 4.25 1.75 3.50 4.55 1.85 3.15 4.40 1.75 3.60 4.50 1.90 3.20 4.30 1.72 3.40 4.40 1.85 3.20 4.10 1.75 3.30 4.60 1.91 3.10 4.00 1.75 3.40 4.33 1.83 3.20 4.20 1 0 0
model3:519024 1.50 4.00 7.00 1.67 3.60 5.50 1.52 3.80 5.40 1.60 3.50 5.10 1.48 4.20 7.00 1.60 4.00 6.50 1.44 3.80 9.00 1.57 4.00 6.50 1.60 3.70 5.40 1.70 3.60 4.70 1.45 4.25 8.00 1.60 3.85 5.75 1.50 4.33 7.50 1.61 4.00 6.25 1.45 4.00 7.50 1.57 4.00 6.00 1.44 4.20 6.50 1.62 3.80 6.00 1.50 4.33 7.00 1.61 3.80 6.00 1 1 0.75
model3:523164 1.36 4.60 9.00 1.44 4.33 7.50 1.32 4.60 7.30 1.45 3.70 6.50 1.22 6.00 15.00 1.53 3.80 6.50 1.25 6.00 10.00 1.50 4.00 7.50 1.37 4.60 7.50 1.45 4.00 7.25 1.30 5.25 9.50 1.42 4.35 8.25 1.25 5.75 13.00 1.53 4.10 7.00 1.25 5.75 10.50 1.50 4.00 7.25 1.33 4.33 10.00 1.44 4.00 8.00 1.30 5.50 10.50 1.50 4.50 8.00 0 0 1.25
model3:523545 1.80 3.20 4.50 1.95 3.20 3.80 1.75 3.25 4.20 1.90 3.25 3.52 1.80 3.40 4.75 1.91 3.20 4.33 1.75 3.40 4.33 1.91 3.10 4.50 1.85 3.40 3.80 1.85 3.40 3.80 1.70 3.40 5.25 1.90 3.30 4.25 1.80 3.25 5.20 1.93 3.25 4.50 1.78 3.40 4.40 1.87 3.25 4.20 1.75 3.40 4.60 2.00 3.20 3.60 1.73 3.30 4.33 1.82 3.20 4.00 2 1 0
model3:525050 1.44 5.00 6.00 1.55 4.33 5.50 1.38 4.80 5.60 1.42 4.00 6.35 1.36 5.00 8.00 1.55 4.20 5.75 1.36 5.00 7.50 1.55 4.33 6.00 1.45 4.00 7.00 1.50 4.00 6.10 1.35 5.25 7.00 1.53 4.50 5.50 1.36 5.50 8.00 1.57 4.50 5.50 1.38 5.00 7.00 1.53 4.50 5.75 1.33 4.60 8.50 1.53 4.33 5.75 1.36 5.50 8.00 1.50 4.75 6.00 1 4 1
model3:525053 1.80 3.60 4.40 1.95 3.40 4.00 1.75 3.65 3.75 1.95 3.30 3.35 1.75 3.60 4.50 1.95 3.30 3.80 1.80 3.60 4.33 1.85 3.60 4.20 1.80 3.50 4.20 1.85 3.45 4.00 1.80 3.60 4.30 1.90 3.40 4.25 1.80 3.60 4.80 2.00 3.50 4.00 1.90 3.50 3.90 1.91 3.40 3.90 1.80 3.60 4.00 1.95 3.40 4.00 1.83 3.75 4.60 2.00 3.50 4.00 2 0 0
model3:525047 9.00 4.80 1.35 6.50 4.20 1.50 6.30 4.70 1.35 5.80 4.00 1.45 12.00 5.75 1.25 6.00 3.80 1.57 7.50 5.50 1.33 7.00 4.00 1.53 7.30 4.40 1.40 6.10 4.00 1.50 9.75 5.25 1.30 6.00 4.35 1.50 11.00 5.75 1.29 6.25 4.10 1.57 8.50 5.50 1.30 6.25 4.50 1.50 15.00 5.00 1.25 6.50 4.00 1.53 11.00 5.75 1.30 6.00 4.33 1.55 0 2 1
model3:529158 1.83 3.40 4.00 1.95 3.25 3.75 1.75 3.50 3.85 1.90 3.30 3.48 1.75 3.60 4.50 1.95 3.30 4.00 1.75 3.50 4.75 1.91 3.40 4.00 1.80 3.50 4.20 1.90 3.45 3.80 1.75 3.50 4.45 1.90 3.35 3.90 1.80 3.60 4.60 2.00 3.50 3.70 1.75 3.60 4.30 1.91 3.50 3.70 1.75 3.50 4.20 1.91 3.40 3.70 1.75 3.50 4.20 1.80 3.50 4.00 0 1 0
model3:534074 1.62 3.60 6.00 1.67 3.60 6.00 1.55 3.75 5.00 1.65 3.35 4.82 1.30 5.00 11.00 1.75 3.40 5.00 1.36 4.50 9.00 1.70 3.60 5.25 1.60 3.90 5.00 1.60 3.90 5.00 1.50 4.10 6.50 1.70 3.50 5.50 1.33 5.00 10.00 1.80 3.70 5.00 1.40 4.33 8.25 1.75 3.60 5.00 1.44 4.00 7.50 1.70 3.20 5.25 1.44 4.33 8.50 1.65 3.75 5.75 3 0 0.75
model3:565279 4.00 3.50 1.73 4.00 3.40 1.80 4.00 3.58 1.70 3.85 3.30 1.80 4.50 3.60 1.75 3.80 3.50 1.91 4.00 3.50 1.73 3.60 3.50 1.85 4.20 3.50 1.70 3.70 3.35 1.85 4.25 3.55 1.70 3.65 3.35 1.90 4.10 3.60 1.67 3.50 3.25 1.90 4.20 3.50 1.70 3.60 3.40 1.87 3.80 3.40 1.75 3.60 3.25 1.87 4.00 3.50 1.67 3.80 3.40 1.75 3 0 0
model3:554855 1.80 3.60 4.40 1.91 3.20 4.50 1.60 3.60 4.65 1.90 3.20 3.58 1.83 3.50 4.33 1.95 3.10 4.33 1.73 3.75 4.50 2.00 3.40 4.33 1.65 4.00 5.00 1.85 3.55 4.30 1.80 3.60 4.50 1.95 3.25 4.25 1.67 3.75 5.20 2.00 3.30 4.20 1.65 3.75 5.00 1.91 3.30 4.50 1.57 3.75 5.50 1.85 3.50 4.50 1.83 3.75 4.60 2.00 3.50 4.20 1 1 0
model3:562283 1.50 4.00 4.80 1.67 3.75 4.50 1.53 3.75 5.10 1.55 3.80 4.80 1.53 4.00 5.25 1.62 3.80 5.25 1.50 4.00 5.75 1.62 3.80 5.50 1.50 3.90 5.25 1.65 3.60 4.60 1.60 3.65 4.95 1.65 3.55 4.60 1.55 4.10 6.00 1.61 4.00 5.25 1.57 3.90 5.50 1.62 3.80 5.00 1.57 3.70 5.75 1.67 3.70 4.50 1.53 3.80 5.00 1.60 3.60 4.60 2 0 0.75
model3:562236 1.44 3.75 6.00 1.55 3.60 6.00 1.42 4.00 6.10 1.50 3.60 5.70 1.50 4.00 6.00 1.65 3.80 5.25 1.44 4.20 6.00 1.60 4.00 5.25 1.45 3.95 6.25 1.60 3.55 4.80 1.45 3.95 6.00 1.60 3.60 4.85 1.50 4.10 7.00 1.65 3.90 5.25 1.48 4.10 6.25 1.57 3.90 5.25 1.50 3.80 6.50 1.62 3.60 5.20 1.44 4.00 5.75 1.50 3.70 5.25 2 1 0.75
model3:540939 1.15 6.00 19.00 1.25 5.00 11.00 1.15 6.10 12.00 1.17 5.50 12.00 1.22 6.00 15.00 1.30 5.00 11.00 1.22 6.00 13.00 1.25 5.50 12.00 1.20 5.50 12.00 1.20 5.50 12.00 1.16 6.25 19.25 1.25 5.25 10.50 1.22 5.50 19.00 1.30 5.20 11.50 1.16 6.25 18.50 1.28 5.50 12.00 1.17 6.00 23.00 1.25 4.75 19.00 1.17 5.70 16.00 1.22 5.00 12.00 2 0 1.5
model3:545818 1.40 4.75 6.00 1.40 4.80 6.00 1.33 5.00 6.00 1.43 4.50 5.10 1.33 5.20 6.50 1.50 4.75 5.25 1.36 4.75 7.00 1.50 4.75 5.75 1.40 4.80 5.75 1.45 4.65 4.80 1.35 4.90 7.25 1.40 4.90 5.25 1.36 5.40 7.50 1.50 5.00 5.50 1.35 5.00 7.25 1.42 5.00 5.75 1.36 4.60 6.50 1.44 4.40 5.25 1.36 5.00 6.00 1.48 4.75 5.00 4 1 1.25
model3:521854 1.15 6.50 15.00 1.22 6.00 11.00 1.12 7.10 12.00 1.20 5.20 11.00 1.17 7.00 17.00 1.22 6.00 13.00 1.17 7.00 15.00 1.20 6.50 13.00 1.15 6.20 14.00 1.15 6.20 14.00 1.16 6.75 15.00 1.18 6.50 13.25 1.15 7.50 20.00 1.22 6.50 13.00 1.15 7.00 14.50 1.18 6.50 12.50 1.14 7.00 26.00 1.20 6.50 13.00 1.15 6.50 15.00 1.18 6.00 11.00 3 0 1.75
model3:534066 4.75 4.00 1.67 4.00 3.75 1.85 4.90 4.00 1.52 3.80 3.40 1.80 5.75 4.50 1.50 4.20 3.50 1.85 5.50 4.33 1.53 4.50 3.60 1.80 5.50 4.00 1.55 4.50 3.70 1.70 5.00 4.40 1.55 4.50 3.75 1.77 5.50 4.50 1.55 4.30 3.80 1.87 5.25 4.33 1.55 4.40 3.60 1.83 5.50 4.20 1.50 4.20 3.60 1.87 5.25 4.60 1.57 4.50 3.70 1.85 1 1 0
model3:555489 1.44 4.00 7.00 1.60 3.75 5.00 1.53 3.80 5.00 1.60 3.70 4.50 1.53 4.00 6.00 1.67 3.60 5.25 1.44 4.00 6.75 1.67 3.60 5.50 1.40 3.90 7.00 1.65 3.45 4.60 1.45 4.00 7.00 1.65 3.55 5.00 1.44 4.10 8.00 1.65 3.70 5.40 1.44 4.10 6.25 1.60 3.70 5.00 1.53 3.60 5.25 1.67 3.30 4.75 1.55 3.70 5.25 1.65 3.60 4.60 3 2 0.75
model3:529143 1.65 3.50 5.00 1.91 3.30 3.80 1.60 3.60 4.65 2.00 3.10 3.33 1.67 3.60 5.25 2.05 3.25 3.80 1.62 3.60 6.00 1.91 3.40 4.00 1.60 3.70 5.40 1.80 3.50 4.20 1.65 3.55 5.00 1.95 3.30 3.75 1.57 4.00 6.00 1.95 3.50 4.00 1.50 4.00 6.00 1.95 3.20 3.90 1.62 3.70 5.00 1.87 3.25 4.00 1.61 3.60 5.25 1.85 3.30 3.80 1 1 0
model3:529130 1.70 3.60 4.50 1.91 3.30 3.80 1.65 3.65 4.20 1.80 3.30 3.85 1.75 3.60 4.50 1.91 3.40 4.00 1.70 3.60 5.00 1.85 3.50 4.20 1.65 3.60 5.10 1.65 3.60 5.10 1.70 3.60 4.55 1.80 3.45 4.05 1.75 3.80 4.60 1.98 3.60 3.80 1.70 3.50 4.80 1.80 3.50 4.20 1.73 3.75 4.20 1.87 3.30 4.00 1.70 3.60 4.60 1.80 3.40 4.20 1 2 0
model3:534053 1.80 3.40 4.80 1.95 3.40 3.60 1.72 3.40 4.25 2.00 3.25 3.30 1.75 3.50 5.00 2.05 3.20 3.80 1.75 3.40 5.00 2.00 3.40 4.00 1.80 3.50 4.20 1.80 3.50 4.20 1.75 3.50 4.85 2.00 3.30 4.00 1.75 3.50 5.20 2.10 3.50 3.75 1.75 3.40 5.00 2.00 3.30 4.00 1.73 3.70 4.25 1.95 3.50 4.00 1.80 3.70 4.80 1.91 3.50 4.20 2 0 0
model3:557987 1.40 3.80 9.00 1.50 3.80 7.00 1.42 3.80 6.70 1.42 3.80 6.70 1.30 4.50 13.00 1.53 3.80 6.50 1.36 4.00 8.00 1.50 3.75 7.50 1.35 3.95 7.75 1.45 3.60 6.75 1.40 4.10 8.50 1.40 4.00 8.50 1.36 4.30 10.50 1.50 4.00 7.00 1.33 4.10 8.75 1.45 3.75 6.50 1.33 4.25 10.00 1.50 3.60 7.50 1.36 4.20 8.50 1.44 3.75 6.50 0 1 1
model3:521828 1.29 5.00 8.50 1.44 4.33 6.00 1.33 4.70 6.50 1.48 4.00 5.20 1.40 4.75 7.50 1.57 4.20 5.50 1.30 5.50 8.50 1.53 4.50 5.25 1.35 4.50 7.30 1.50 3.80 4.55 1.40 4.75 6.50 1.40 4.75 6.50 1.30 5.50 10.50 1.57 4.30 5.40 1.34 5.00 7.50 1.50 4.60 5.00 1.36 4.80 7.50 1.53 4.20 5.75 1.35 5.00 8.00 1.44 4.00 5.75 0 2 1
model3:523103 1.83 3.40 4.50 2.10 3.25 3.60 1.75 3.38 4.10 2.00 3.20 3.33 1.80 3.50 4.33 2.05 3.25 3.80 1.75 3.50 4.75 2.00 3.30 4.00 1.85 3.40 4.10 1.90 3.35 3.90 1.80 3.40 4.55 1.83 3.40 4.40 1.75 3.70 5.00 2.05 3.30 4.00 1.80 3.50 4.40 2.00 3.30 4.00 1.80 3.30 4.50 1.87 3.40 4.33 1.85 3.60 4.60 1.95 3.40 4.20 1 1 0
model3:538643 1.40 4.40 8.50 1.50 4.00 7.00 1.33 4.20 8.20 1.33 4.25 8.00 1.30 5.00 11.00 1.50 4.00 7.00 1.29 5.25 10.00 1.44 4.33 7.00 1.45 4.00 7.00 1.40 4.40 7.30 1.28 5.50 10.00 1.40 4.40 8.25 1.25 5.50 17.00 1.45 4.33 8.50 1.30 5.50 10.50 1.45 4.33 7.50 1.29 5.00 11.00 1.36 4.50 9.00 1.30 5.25 11.00 1.44 4.60 9.00 1 1 1
model3:534028 7.50 5.50 1.25 7.00 5.50 1.36 9.50 5.80 1.20 7.50 5.10 1.28 10.00 6.00 1.25 7.50 5.00 1.36 13.00 6.00 1.22 8.00 4.75 1.36 10.00 5.20 1.27 9.00 5.00 1.30 9.50 6.00 1.25 8.00 5.50 1.32 12.00 7.00 1.17 8.00 5.75 1.36 12.50 5.75 1.22 8.00 5.50 1.36 10.00 5.80 1.25 8.00 5.25 1.36 10.50 6.50 1.28 7.50 5.25 1.40 1 1 1.5
model3:534024 7.50 4.60 1.30 6.00 4.00 1.57 7.80 5.10 1.27 5.30 3.90 1.50 10.00 5.75 1.29 5.75 4.00 1.57 11.00 7.00 1.20 5.50 4.33 1.55 9.00 5.00 1.30 7.00 4.00 1.45 11.00 6.25 1.22 6.25 4.15 1.50 15.00 5.50 1.25 6.25 4.33 1.57 11.50 6.50 1.20 6.00 4.10 1.57 12.00 6.00 1.22 6.00 4.33 1.53 12.00 6.50 1.25 7.00 4.50 1.48 1 2 1
model3:521805 1.55 4.00 5.50 1.73 3.80 4.20 1.45 4.25 5.20 1.70 3.45 4.18 1.57 4.20 5.25 1.75 3.60 4.50 1.53 4.20 5.75 1.73 3.75 4.50 1.45 4.20 6.00 1.60 3.60 5.00 1.50 4.25 6.00 1.75 3.75 4.20 1.57 4.40 5.50 1.75 3.90 4.40 1.50 4.25 5.50 1.75 3.75 4.20 1.53 4.20 5.25 1.62 3.80 5.50 1.50 4.00 5.25 1.73 3.60 4.20 1 0 0.75
model3:522144 1.33 5.00 6.00 1.50 4.20 5.50 1.30 4.70 7.40 1.42 4.30 5.50 1.35 5.00 8.00 1.50 4.20 6.00 1.33 5.00 6.00 1.50 4.75 5.50 1.30 5.00 6.50 1.50 4.05 5.25 1.35 5.25 6.75 1.50 4.25 5.50 1.30 5.50 8.50 1.53 4.33 5.50 1.33 5.00 6.50 1.45 4.33 5.25 1.30 5.00 8.50 1.50 4.00 6.00 1.33 5.00 6.50 1.44 4.00 5.50 1 2 1.25
model3:555610 1.50 3.75 6.50 1.62 3.50 6.00 1.45 3.72 6.30 1.60 3.45 4.95 1.48 4.00 7.00 1.65 3.60 5.50 1.57 3.50 7.00 1.67 3.50 5.50 1.20 5.25 9.50 1.60 3.60 5.60 1.50 3.90 6.50 1.65 3.60 5.25 1.45 4.20 8.00 1.65 3.75 5.50 1.22 6.00 9.50 1.60 3.50 6.25 1.17 6.00 10.00 1.67 3.70 5.50 1.44 3.70 6.50 1.60 3.50 5.25 1 1 0.75
model3:555612 7.00 5.00 1.29 7.50 5.00 1.44 8.50 3.85 1.35 6.50 3.85 1.42 9.00 4.25 1.33 7.00 4.00 1.44 8.50 5.00 1.33 7.50 3.75 1.50 8.25 4.80 1.25 7.00 4.00 1.45 8.75 5.00 1.30 7.25 3.80 1.50 10.50 5.50 1.29 7.50 3.90 1.50 9.50 5.25 1.28 7.00 4.20 1.45 8.00 5.00 1.25 7.00 3.70 1.50 8.00 5.00 1.28 6.50 3.80 1.44 1 1 1
model3:538636 7.00 4.00 1.50 5.50 3.60 1.67 5.80 3.68 1.50 4.28 3.45 1.70 7.00 4.00 1.50 4.75 3.40 1.80 7.00 4.00 1.50 5.50 3.40 1.75 6.10 4.00 1.50 5.10 3.60 1.65 7.00 4.00 1.50 5.25 3.50 1.70 8.50 4.00 1.50 5.20 3.30 1.83 7.00 4.00 1.53 5.50 3.40 1.75 7.50 3.75 1.44 4.75 3.30 1.83 7.00 4.20 1.50 5.50 3.60 1.73 0 4 0.75
model3:534013 1.57 4.00 6.00 1.73 3.30 5.50 1.52 3.85 5.20 1.70 3.55 4.15 1.60 4.00 5.25 1.73 3.60 4.75 1.53 4.00 6.00 1.70 3.75 5.00 1.65 3.60 5.10 1.70 3.60 4.70 1.55 4.15 5.50 1.67 3.75 5.00 1.57 4.30 5.50 1.75 3.90 5.00 1.55 4.10 5.50 1.75 3.60 5.00 1.53 4.00 5.25 1.75 3.75 4.75 1.53 4.00 6.00 1.80 3.75 4.70 2 1 0.75
model3:530186 1.44 4.20 6.00 1.75 3.75 4.50 1.65 3.65 4.20 1.75 3.50 3.80 1.50 4.10 5.50 1.80 3.60 4.33 1.62 4.00 5.00 1.75 3.75 4.50 1.70 3.50 4.40 1.70 3.50 4.40 1.53 4.00 5.75 1.80 3.65 4.00 1.50 4.50 6.50 1.83 3.75 4.40 1.50 4.10 5.25 1.75 3.50 4.20 1.60 3.90 5.20 1.80 3.75 4.50 1.60 4.00 5.00 1.75 3.60 4.20 6 0 0
model3:523086 6.50 4.20 1.50 8.00 4.00 1.50 6.50 4.40 1.37 5.50 3.80 1.50 8.50 5.00 1.35 5.75 4.20 1.55 7.50 5.00 1.36 6.50 4.00 1.57 7.50 4.30 1.40 7.00 4.00 1.45 9.00 4.40 1.35 6.25 4.20 1.50 10.50 4.80 1.33 5.75 4.10 1.60 8.75 4.50 1.36 6.50 4.33 1.50 7.50 4.60 1.36 6.50 4.00 1.53 6.50 4.75 1.48 5.75 4.00 1.61 0 1 1
model3:534017 1.40 4.50 8.00 1.50 4.00 7.00 1.35 4.30 7.20 1.42 4.00 6.40 1.40 4.50 8.00 1.50 4.00 7.00 1.40 4.50 8.00 1.45 4.20 7.50 1.40 4.40 7.30 1.40 4.40 7.30 1.40 4.50 7.50 1.45 4.25 7.00 1.40 4.50 8.50 1.53 4.33 7.00 1.40 4.40 7.75 1.50 4.00 6.50 1.36 4.40 8.00 1.53 4.00 7.00 1.40 4.50 7.50 1.53 4.33 6.50 0 0 1
model3:522127 1.36 4.50 7.00 1.44 4.40 6.00 1.32 4.80 6.60 1.44 4.30 5.25 1.40 4.75 7.00 1.48 4.50 6.00 1.33 5.00 6.00 1.45 4.50 6.50 1.35 4.80 6.75 1.45 4.25 5.50 1.35 4.95 7.00 1.45 4.40 5.75 1.36 5.00 8.00 1.45 4.60 6.50 1.34 4.60 6.75 1.36 4.40 6.75 1.30 5.20 8.50 1.44 4.33 6.50 1.33 5.00 6.50 1.43 4.33 5.75 4 0 1.25
model3:518944 1.36 4.60 9.00 1.44 4.20 8.00 1.32 4.60 7.70 1.35 4.30 7.50 1.36 4.50 8.50 1.44 4.00 8.00 1.36 4.75 8.00 1.44 4.50 9.00 1.35 4.80 7.60 1.40 4.40 7.30 1.35 4.75 9.00 1.42 4.25 8.00 1.36 5.00 10.50 1.45 4.40 8.50 1.35 4.50 9.00 1.45 4.25 7.75 1.33 4.50 9.50 1.44 4.33 9.00 1.36 5.00 9.50 1.48 4.33 7.50 2 2 1.75
model3:554944 1.29 5.50 10.00 1.33 5.00 9.00 1.22 5.50 8.60 1.30 4.40 8.25 1.25 5.50 10.00 1.36 4.75 8.00 1.25 5.50 12.00 1.36 4.75 8.00 1.25 5.00 10.00 1.27 5.20 10.00 1.25 5.50 9.25 1.35 4.65 6.75 1.25 5.00 8.50 1.36 5.00 8.00 1.25 5.50 11.00 1.36 5.00 9.00 1.22 5.00 9.00 1.33 5.00 9.50 1.25 5.50 10.00 1.36 5.00 8.00 2 1 1.75
model3:554975 1.70 3.40 5.50 1.85 3.40 4.40 1.65 3.45 4.50 1.70 3.45 4.15 1.70 3.50 5.00 1.75 3.50 4.75 1.55 3.80 6.50 1.73 3.60 4.75 1.70 3.60 4.70 1.75 3.50 4.50 1.70 3.45 4.90 1.75 3.45 4.60 1.65 3.80 5.40 1.80 3.40 5.20 1.70 3.60 5.00 1.75 3.60 5.00 1.70 3.50 4.60 1.62 3.50 4.50 1.70 3.50 4.80 1.73 3.50 4.70 0 3 0
model3:523074 1.55 4.00 6.00 1.67 3.75 5.00 1.48 3.80 5.80 1.58 3.50 5.20 1.50 3.80 7.00 1.65 3.50 6.00 1.50 3.60 7.00 1.65 3.80 5.50 1.55 3.70 6.00 1.65 3.50 5.30 1.50 3.75 7.50 1.58 3.75 6.00 1.50 4.10 7.50 1.67 3.80 5.75 1.50 3.75 7.00 1.67 3.60 5.75 1.53 3.70 6.50 1.67 3.70 5.25 1.50 3.60 7.50 1.67 3.75 5.50 0 0 0
model3:554459 4.50 4.00 1.53 4.50 3.40 1.83 4.85 3.75 1.55 4.08 3.30 1.75 5.00 4.00 1.62 4.20 3.80 1.80 5.50 3.80 1.62 4.75 3.75 1.83 4.60 3.50 1.65 4.50 3.50 1.75 5.25 3.75 1.60 4.00 3.65 1.80 5.75 4.00 1.57 4.10 3.90 1.85 4.75 4.00 1.53 4.50 3.50 1.83 5.25 3.80 1.57 4.33 3.80 1.80 5.75 3.80 1.65 4.30 3.80 1.85 0 3 0
model3:555429 1.60 3.80 5.00 1.73 3.50 4.40 1.53 3.85 4.90 1.65 3.50 4.42 1.57 4.00 5.50 1.73 3.60 4.75 1.57 4.00 5.50 1.73 3.80 4.50 1.55 3.70 5.00 1.55 3.70 5.00 1.55 3.90 5.00 1.70 3.60 4.45 1.57 4.20 5.75 1.73 3.80 4.75 1.62 3.90 4.50 1.62 3.90 4.50 1.53 3.50 5.75 1.67 3.30 4.75 1.53 3.80 5.00 1.65 3.80 4.50 0 0 1
model3:538615 1.33 4.80 10.00 1.44 4.20 8.00 1.28 4.80 8.30 1.35 4.30 7.30 1.30 5.00 11.00 1.44 4.00 8.00 1.30 5.00 11.00 1.45 4.50 7.50 1.30 5.00 9.00 1.45 4.00 7.00 1.33 5.00 9.00 1.40 4.25 8.75 1.30 5.00 12.00 1.44 4.33 8.50 1.30 5.00 10.00 1.45 4.20 8.00 1.29 5.20 9.50 1.44 4.33 7.50 1.33 4.80 9.50 1.44 4.33 8.00 0 0 1.75
model3:554971 1.60 4.00 5.50 1.73 3.30 5.50 1.53 3.80 5.00 1.65 3.40 4.60 1.48 4.20 7.00 1.75 3.50 4.75 1.50 4.00 7.00 1.70 3.80 5.00 1.40 4.40 7.30 1.70 3.60 4.70 1.55 3.95 5.75 1.75 3.45 4.60 1.50 4.10 6.50 1.75 3.70 5.00 1.40 4.50 7.25 1.70 3.60 5.50 1.44 4.25 6.00 1.73 3.50 5.00 1.44 4.30 6.50 1.70 3.60 4.80 4 0 0
model3:554504 1.50 4.20 6.00 1.75 3.40 4.50 1.52 3.45 5.90 1.70 3.30 4.40 1.57 3.75 6.00 1.70 3.50 5.00 1.50 4.00 5.75 1.73 3.50 5.00 1.55 3.45 5.25 1.80 3.40 4.35 1.60 3.65 5.50 1.70 3.50 4.95 1.50 4.30 6.50 1.67 3.60 5.50 1.50 4.20 6.00 1.75 3.40 5.00 1.67 3.50 5.00 1.67 3.60 4.75 1.57 3.50 5.50 1.73 3.50 4.20 2 2 1
model3:533981 1.12 9.00 17.00 1.14 8.50 15.00 1.08 8.40 15.00 1.12 7.50 12.00 1.11 9.50 23.00 1.17 7.50 13.00 1.08 11.00 21.00 1.14 9.00 15.00 1.10 8.00 20.00 1.15 7.00 15.00 1.12 8.50 17.50 1.13 8.50 16.00 1.09 11.00 23.00 1.18 8.00 13.00 1.08 11.00 18.50 1.19 8.00 11.50 1.10 9.00 34.00 1.17 8.50 15.00 1.13 10.00 21.00 1.17 8.50 15.00 3 1 2
model3:518917 1.36 4.80 8.50 1.50 4.00 7.00 1.37 4.45 6.60 1.42 4.25 6.00 1.36 4.75 8.00 1.53 4.00 6.50 1.36 4.50 10.00 1.53 4.33 7.00 1.30 5.00 9.00 1.50 4.00 6.10 1.35 4.75 9.00 1.50 4.00 6.75 1.33 5.50 10.00 1.53 4.33 7.00 1.35 4.60 9.00 1.53 4.10 7.00 1.33 4.60 9.50 1.50 4.33 7.50 1.42 5.00 7.50 1.48 4.33 7.00 2 0 1.75
model3:553682 1.57 4.00 5.00 1.55 3.75 5.50 1.48 3.95 5.30 1.62 3.50 4.65 1.53 4.00 6.00 1.70 3.60 4.75 1.53 4.00 6.00 1.70 3.60 5.00 1.45 3.90 5.75 1.65 3.50 4.70 1.50 3.95 5.75 1.55 3.85 5.50 1.53 4.00 6.25 1.70 3.75 5.20 1.50 4.00 5.50 1.65 3.80 4.40 1.50 3.90 6.00 1.62 3.40 5.20 1.44 4.00 5.75 1.60 3.50 4.70 3 1 1
model3:521793 1.91 3.60 3.60 1.95 3.60 3.50 1.85 3.75 3.23 1.95 3.75 2.95 1.83 3.80 3.80 2.00 3.60 3.50 1.73 3.50 4.00 2.05 3.50 3.40 1.90 3.30 3.70 1.90 3.30 3.70 1.75 3.65 4.25 1.95 3.60 3.45 1.83 3.75 4.20 2.00 3.75 3.50 1.80 3.70 4.00 1.87 3.60 3.70 1.91 3.60 3.50 2.00 3.60 3.60 1.85 3.60 3.70 1.91 3.60 3.40 1 4 0
model3:518902 1.40 4.40 8.50 1.44 4.20 8.00 1.38 4.30 6.80 1.38 4.30 6.80 1.30 5.00 10.00 1.44 4.00 8.00 1.29 5.00 11.00 1.44 4.75 8.00 1.45 4.00 7.00 1.50 4.00 6.10 1.33 5.00 9.00 1.43 4.35 7.50 1.30 5.50 11.50 1.45 4.60 8.50 1.33 4.75 9.00 1.45 4.50 7.75 1.30 4.50 11.00 1.44 4.50 8.00 1.36 5.00 9.50 1.44 4.60 8.00 1 2 1.75
model3:533973 1.60 4.00 5.50 1.73 3.60 5.00 1.55 3.70 5.10 1.70 3.40 4.37 1.60 3.80 5.50 1.73 3.50 5.00 1.57 3.80 6.00 1.70 3.60 5.25 1.60 3.70 5.40 1.60 3.70 5.40 1.50 4.10 6.50 1.60 3.70 5.75 1.60 4.00 5.75 1.75 3.80 5.25 1.57 3.80 5.75 1.75 3.75 5.00 1.44 3.80 8.00 1.73 3.25 5.00 1.50 4.33 7.00 1.73 3.70 5.50 2 2 0.75
model3:522112 1.44 4.50 5.50 1.44 4.50 5.50 1.55 3.85 4.70 1.55 4.00 4.50 1.57 4.20 5.25 1.65 3.80 5.00 1.44 4.33 5.25 1.62 4.00 5.00 1.45 4.35 5.50 1.60 3.85 4.50 1.45 4.45 5.75 1.60 3.95 4.65 1.45 4.60 6.50 1.61 4.10 5.00 1.45 4.33 5.25 1.55 4.00 4.60 1.44 4.50 6.50 1.60 3.70 5.20 1.44 4.20 5.20 1.60 3.80 4.50 2 0 0
model3:554432 1.17 6.00 10.00 1.36 4.75 7.50 1.25 5.20 8.00 1.30 4.80 7.15 1.36 4.75 7.50 1.35 4.75 9.00 1.22 6.00 13.00 1.33 4.80 9.00 1.25 5.50 10.30 1.35 4.80 7.60 1.22 6.00 13.00 1.30 5.00 10.00 1.20 6.50 15.00 1.36 5.20 9.00 1.25 5.75 10.50 1.36 5.00 7.25 1.20 5.50 9.00 1.33 4.75 9.00 1.22 5.50 10.00 1.36 4.80 7.50 0 0 1.75
model3:554376 6.00 3.60 1.50 4.50 3.60 1.65 5.50 3.60 1.52 4.00 3.38 1.75 5.50 3.60 1.65 4.75 3.50 1.75 7.00 4.00 1.40 5.25 3.40 1.73 7.00 4.10 1.40 5.00 3.60 1.60 6.00 3.70 1.55 4.65 3.35 1.75 8.50 4.30 1.40 5.00 3.50 1.75 7.50 4.33 1.40 4.75 3.50 1.70 5.50 3.60 1.53 4.50 3.25 1.70 7.50 4.00 1.40 4.80 3.30 1.67 1 2 1
model3:554374 1.53 3.50 6.50 1.80 3.25 4.40 1.58 3.40 5.25 1.65 3.40 4.60 1.73 3.50 5.00 1.75 3.40 5.00 1.33 4.50 7.00 1.60 3.75 5.75 1.35 4.50 7.30 1.50 3.80 5.70 1.60 3.55 5.50 1.70 3.35 4.75 1.36 4.40 9.50 1.73 3.50 5.20 1.36 4.33 8.75 1.70 3.50 4.75 1.57 3.40 5.50 1.70 3.30 4.40 1.57 3.50 5.60 1.70 3.40 4.70 1 0 1
model3:553382 1.55 4.00 5.50 1.75 3.60 4.33 1.55 3.90 4.65 1.65 3.40 4.60 1.55 4.00 5.75 1.70 3.75 4.75 1.50 4.33 6.00 1.65 4.00 4.75 1.65 3.60 5.10 1.80 3.50 4.20 1.55 4.05 5.25 1.70 3.70 4.45 1.45 4.50 6.25 1.70 3.90 5.20 1.50 4.20 6.00 1.78 3.80 4.10 1.40 4.20 7.00 1.83 3.60 4.20 1.50 4.20 5.75 1.73 3.50 4.00 1 1 0
model3:554372 1.44 4.33 7.50 1.50 4.50 6.50 1.32 4.50 7.30 1.38 3.95 7.20 1.35 4.75 9.00 1.48 4.20 6.50 1.40 4.50 8.00 1.50 4.33 6.00 1.40 4.10 7.00 1.45 3.90 6.50 1.40 4.35 7.00 1.45 4.20 6.50 1.20 5.25 10.50 1.44 4.33 7.00 1.30 5.00 10.00 1.42 4.33 7.50 1.20 5.50 9.00 1.44 4.50 7.50 1.36 4.50 7.50 1.40 4.33 7.00 2 1 1.25
model3:554431 1.25 4.80 8.50 1.44 4.20 6.50 1.35 4.40 6.70 1.38 4.40 6.00 1.44 4.33 7.00 1.55 4.00 6.00 1.33 4.75 10.00 1.44 4.33 7.00 1.40 4.40 7.30 1.40 4.40 7.30 1.36 4.80 8.00 1.50 4.15 6.50 1.30 5.00 12.00 1.55 4.33 6.00 1.34 4.75 9.00 1.53 4.00 6.00 1.29 4.50 8.00 1.50 4.20 6.50 1.33 4.33 8.50 1.53 4.33 5.60 3 0 1
model3:538592 1.65 3.40 5.50 1.85 3.40 4.40 1.55 3.50 5.55 1.90 3.20 3.65 1.60 3.80 6.00 1.91 3.20 4.50 1.57 3.80 6.00 1.91 3.40 4.33 1.60 3.70 5.40 1.70 3.60 4.70 1.85 3.30 4.50 1.90 3.30 4.30 1.65 3.70 5.50 1.91 3.25 4.80 1.57 3.75 6.00 1.95 3.40 4.20 1.60 3.60 5.75 1.80 3.40 4.50 1.65 3.80 6.00 1.90 3.60 4.60 3 0 0
model3:523053 1.36 4.50 8.00 1.44 4.20 8.00 1.32 4.50 7.60 1.45 3.75 6.45 1.36 4.50 8.50 1.44 4.00 8.00 1.36 4.50 9.00 1.45 4.50 7.00 1.40 4.30 7.50 1.45 4.00 7.00 1.35 4.85 8.25 1.35 4.85 8.25 1.29 5.50 12.00 1.45 4.60 8.50 1.30 5.25 9.00 1.48 4.25 7.25 1.36 4.33 9.50 1.44 3.90 8.00 1.40 4.80 9.00 1.53 4.50 6.50 1 1 1
model3:540850 1.14 6.50 17.00 1.17 6.00 15.00 1.13 6.20 14.00 1.15 6.20 11.00 1.20 6.50 17.00 1.20 6.50 13.00 1.17 6.00 11.00 1.18 6.50 15.00 1.15 6.20 14.00 1.17 5.80 13.00 1.18 6.50 15.25 1.22 5.75 12.50 1.18 7.00 18.00 1.22 6.50 15.00 1.14 6.75 17.50 1.18 6.25 14.00 1.17 7.00 17.00 1.20 5.80 15.00 1.15 6.00 15.00 1.18 5.75 12.00 3 1 1.75
model3:518893 1.29 5.50 9.50 1.33 5.00 10.00 1.25 5.10 9.20 1.30 4.70 8.00 1.29 5.50 11.00 1.36 4.75 8.50 1.25 6.00 10.00 1.40 5.25 8.00 1.27 5.20 10.00 1.30 5.00 9.00 1.28 5.50 10.00 1.28 5.50 10.00 1.29 5.50 11.00 1.36 5.25 9.50 1.30 5.25 8.75 1.36 5.00 8.50 1.25 5.25 11.00 1.36 5.00 9.00 1.28 6.00 10.50 1.35 5.60 9.00 2 1 1.5
model3:538598 1.73 3.50 4.60 1.75 3.50 5.00 1.62 3.55 4.70 1.75 3.40 4.05 1.60 3.80 6.00 1.85 3.40 4.33 1.57 3.80 6.00 1.75 3.80 4.75 1.70 3.60 4.70 1.75 3.50 4.50 1.80 3.40 4.75 1.73 3.65 4.75 1.57 3.80 6.50 1.85 3.50 4.75 1.60 3.70 5.75 1.87 3.50 4.33 1.57 3.60 5.80 1.80 3.40 4.75 1.61 4.00 6.00 1.85 3.75 4.60 4 1 0
model3:522101 1.73 3.75 4.00 2.00 3.60 3.20 1.72 3.75 3.70 2.00 3.50 3.00 1.83 3.80 3.80 1.95 3.75 3.50 1.73 3.75 3.75 1.91 3.80 3.30 1.70 3.75 3.80 1.90 3.55 3.25 1.75 3.85 3.90 1.95 3.60 3.30 1.73 4.00 4.33 1.95 3.80 3.50 1.72 3.60 4.00 1.95 3.30 3.40 1.67 3.90 4.25 1.95 3.50 3.40 1.75 3.80 3.60 1.75 3.80 3.60 3 0 0
model3:522103 1.60 4.00 4.50 1.70 3.80 4.20 1.55 4.00 4.50 1.60 4.00 4.15 1.67 4.00 4.75 1.75 3.80 4.33 1.60 32.00 2.20 1.75 4.00 4.20 1.60 3.95 4.45 1.70 3.85 3.90 1.60 4.10 4.55 1.70 3.85 4.05 1.61 4.10 5.00 1.75 4.00 4.20 1.55 4.00 4.60 1.75 3.75 3.70 1.60 3.90 4.80 1.73 3.70 4.20 1.60 4.00 4.33 1.60 4.00 4.33 1 1 0.75
model3:522107 1.40 4.50 6.50 1.62 4.00 4.50 1.46 4.20 5.15 1.55 3.90 4.60 1.48 4.33 6.00 1.65 4.00 4.75 1.40 4.33 6.00 1.60 4.20 5.00 1.40 4.45 6.25 1.60 3.95 4.45 1.40 4.60 6.50 1.45 4.45 5.50 1.40 5.00 7.00 1.65 4.20 4.60 1.40 4.50 5.75 1.53 3.90 5.00 1.36 4.75 7.00 1.50 4.20 6.00 1.44 4.33 5.25 1.44 4.33 5.25 6 2 1
model3:547390 1.35 4.60 7.50 1.55 4.00 6.00 1.30 4.75 7.30 1.52 3.60 5.50 1.36 4.75 8.50 1.55 4.00 6.50 1.44 4.33 7.00 1.62 4.20 6.00 1.30 5.00 9.00 1.50 4.00 6.10 1.30 5.00 8.75 1.57 4.00 5.50 1.40 4.50 8.50 1.61 4.40 5.50 1.40 4.30 8.00 1.57 4.10 6.00 1.33 4.50 10.00 1.33 5.00 9.00 1.45 4.50 8.00 1.44 4.80 7.00 1 1 1
model3:547107 1.22 6.50 11.00 1.33 5.00 9.00 1.18 5.80 11.00 1.28 5.00 7.70 1.22 6.00 13.00 1.30 5.50 10.00 1.22 6.00 12.00 1.33 6.00 9.50 1.27 6.00 10.00 1.25 6.50 10.00 1.22 6.25 11.75 1.30 5.50 9.00 1.22 6.50 15.00 1.30 6.00 10.50 1.20 6.00 14.00 1.33 5.50 9.00 1.20 6.00 13.00 1.33 5.75 9.00 1.25 5.75 10.00 1.33 6.00 9.50 0 0 1.5
model3:547058 1.40 4.80 7.00 1.55 4.00 6.00 1.33 4.80 6.60 1.45 4.00 5.50 1.36 4.75 8.00 1.57 4.00 5.75 1.36 5.00 7.50 1.60 4.33 6.00 1.40 5.00 7.00 1.50 4.30 6.40 1.35 5.00 7.75 1.50 4.25 6.25 1.36 5.25 8.50 1.57 4.20 6.50 1.40 4.50 7.50 1.62 4.00 5.50 1.33 5.00 8.50 1.57 4.33 6.00 1.44 4.75 7.50 1.50 4.50 6.50 2 0 1
model3:547082 1.33 4.80 9.00 1.61 3.80 5.50 1.37 4.40 6.50 1.60 3.80 4.25 1.35 4.75 9.50 1.65 3.80 5.50 1.30 5.00 10.00 1.66 4.00 5.75 1.40 4.80 7.50 1.60 4.00 5.50 1.35 4.95 9.25 1.63 3.75 5.50 1.33 5.20 10.00 1.67 4.00 5.75 1.35 4.80 8.00 1.67 4.00 5.00 1.30 5.00 10.00 1.67 4.00 5.50 1.35 5.20 9.00 1.60 4.00 6.00 1 1 0.75
model3:523043 1.60 4.00 5.50 1.67 3.50 5.50 1.52 3.80 5.25 1.64 3.60 4.50 1.53 4.00 6.00 1.70 3.60 5.00 1.50 3.90 6.00 1.70 3.75 5.25 1.60 3.60 5.60 1.75 3.40 4.65 1.53 4.00 6.00 1.67 3.75 5.00 1.55 3.80 7.00 1.70 3.90 5.25 1.53 4.00 6.00 1.70 3.80 5.00 1.53 3.70 6.50 1.62 3.50 5.50 1.55 4.20 6.50 1.67 4.00 5.75 2 2 1
model3:518883 1.18 6.50 17.00 1.30 5.00 11.00 1.18 6.00 11.00 1.24 5.40 9.00 1.18 7.00 15.00 1.25 5.75 10.00 1.16 7.50 13.00 1.28 6.00 12.00 1.22 5.50 12.00 1.27 5.20 10.00 1.17 6.75 16.00 1.25 6.00 11.00 1.18 7.50 19.00 1.29 6.00 12.00 1.18 6.75 13.00 1.30 5.50 10.00 1.17 6.50 17.00 1.29 5.50 10.00 1.18 7.00 13.00 1.27 6.00 12.00 3 1 1.75
model3:523041 1.60 3.75 6.00 1.70 3.40 5.50 1.50 3.75 5.60 1.75 3.10 4.60 1.53 3.80 6.50 1.75 3.40 4.75 1.50 4.00 7.00 1.72 3.50 5.25 1.65 3.50 5.30 1.65 3.50 5.30 1.48 4.00 7.00 1.62 3.65 5.75 1.50 4.00 7.50 1.80 3.60 5.25 1.50 4.00 6.50 1.70 3.80 5.00 1.44 3.75 7.50 1.53 3.50 7.00 1.50 4.20 7.00 1.57 3.80 7.00 0 2 1
model3:554242 1.65 3.30 5.50 1.85 3.30 4.00 1.70 3.25 4.50 1.85 3.25 3.70 1.65 3.60 5.75 1.80 3.30 4.50 1.61 3.40 6.50 1.90 3.25 4.33 1.60 3.35 5.25 1.70 3.30 4.55 1.70 3.30 4.60 1.80 3.25 4.30 1.61 3.60 6.25 1.87 3.50 4.60 1.62 3.30 5.25 1.75 3.25 4.33 1.70 3.30 4.40 1.70 3.30 4.40 1.70 3.30 4.60 1.70 3.30 4.60 1 1 0.75
model3:548319 1.20 6.00 11.00 1.44 4.00 7.00 1.45 4.00 5.70 1.40 4.00 6.60 1.33 5.00 9.00 1.50 4.00 6.50 1.22 6.50 11.00 1.50 4.33 6.00 1.20 5.50 12.00 1.50 4.00 6.10 1.25 6.00 9.50 1.45 4.00 7.00 1.30 5.50 10.50 1.50 4.30 6.50 1.20 6.50 12.50 1.45 4.20 7.00 1.15 6.50 19.00 1.50 3.75 6.50 1.28 5.25 9.00 1.40 4.20 7.00 2 3 1
model3:548326 1.33 4.50 8.00 1.70 3.60 4.50 1.37 4.20 6.70 1.65 3.40 4.73 1.44 4.50 7.00 1.70 3.60 4.75 1.40 4.50 8.00 1.70 3.60 5.00 1.40 4.10 7.00 1.60 3.70 5.40 1.45 4.25 6.50 1.70 3.50 5.00 1.53 4.33 6.00 1.70 3.80 5.00 1.35 4.75 8.25 1.65 3.60 5.25 1.30 4.80 9.00 1.73 3.30 4.60 1.50 4.20 5.75 1.73 3.60 4.50 1 0 0.75
model3:552980 7.50 4.20 1.33 5.00 3.60 1.70 6.50 4.00 1.40 5.02 3.50 1.58 9.00 4.50 1.36 5.00 3.75 1.70 7.50 5.00 1.36 5.50 3.75 1.61 7.30 4.50 1.35 4.70 3.60 1.70 5.75 4.05 1.50 4.75 3.70 1.65 8.50 4.50 1.40 5.00 3.80 1.73 8.25 4.75 1.36 5.25 3.70 1.65 8.00 4.33 1.36 4.80 3.40 1.67 8.00 4.60 1.36 4.60 3.80 1.73 0 3 0.75
model3:552974 12.00 6.00 1.14 8.00 5.00 1.30 11.00 5.80 1.17 8.00 4.75 1.28 10.00 5.75 1.22 9.00 5.25 1.30 11.00 7.00 1.20 8.00 5.25 1.33 12.00 5.50 1.20 7.60 4.80 1.35 12.00 6.50 1.20 7.75 5.00 1.35 13.00 6.50 1.20 8.00 4.80 1.40 12.50 6.25 1.20 9.00 5.25 1.36 10.00 6.00 1.17 8.00 5.00 1.33 12.00 6.50 1.18 9.00 5.25 1.30 1 3 1.5
model3:523028 11.00 5.00 1.30 11.00 4.50 1.33 9.50 4.85 1.25 8.25 4.10 1.34 17.00 5.75 1.22 11.00 4.75 1.33 15.00 5.50 1.22 10.00 5.00 1.33 10.00 5.20 1.27 8.30 4.80 1.33 11.00 5.25 1.27 10.00 5.00 1.30 21.00 5.75 1.20 12.00 5.00 1.33 14.50 5.50 1.22 9.00 4.50 1.40 15.00 5.75 1.22 9.50 4.20 1.36 17.00 6.00 1.22 9.00 4.60 1.43 0 0 1.25
model3:552977 10.00 6.00 1.17 8.00 3.80 1.44 11.00 6.10 1.16 9.15 4.20 1.30 15.00 5.50 1.18 8.50 4.00 1.40 13.00 6.50 1.20 8.00 4.50 1.40 9.00 6.00 1.22 7.30 4.40 1.40 12.00 6.25 1.20 7.75 4.10 1.40 12.00 5.50 1.25 8.50 4.20 1.44 11.00 6.00 1.20 8.00 4.33 1.40 10.00 6.00 1.17 9.00 4.33 1.33 12.00 6.00 1.20 8.50 4.20 1.36 1 2 1.25
model3:553224 1.22 6.00 10.00 1.30 5.00 10.00 1.20 5.60 9.50 1.23 5.50 8.00 1.25 6.00 13.00 1.30 5.50 9.00 1.20 6.50 13.00 1.30 5.75 12.00 1.27 5.20 10.00 1.33 4.80 8.30 1.22 5.75 11.00 1.30 5.25 8.50 1.22 6.25 12.00 1.30 5.75 10.50 1.20 6.25 13.00 1.33 5.50 8.75 1.20 5.50 15.00 1.33 5.25 10.00 1.20 6.50 12.00 1.30 5.75 9.50 4 1 1.5
model3:521767 1.44 4.33 6.00 1.60 4.00 4.60 1.43 4.50 5.10 1.60 3.60 4.65 1.50 4.33 6.00 1.67 4.00 4.50 1.50 4.33 6.00 1.61 4.00 5.00 1.45 3.90 6.50 1.50 4.00 5.30 1.45 4.25 6.00 1.60 4.00 4.70 1.45 4.60 7.00 1.67 4.20 5.00 1.45 4.50 6.00 1.60 4.00 5.00 1.44 4.20 6.50 1.62 3.80 5.25 1.44 4.33 5.75 1.53 4.00 5.00 1 0 0.75
model3:525427 4.60 3.50 1.70 3.75 3.30 1.91 3.50 3.35 1.88 3.28 3.35 1.95 4.75 3.60 1.73 3.75 3.50 1.95 6.00 4.33 1.50 3.80 3.50 1.95 5.70 3.80 1.50 3.30 3.30 2.00 4.30 3.55 1.75 3.60 3.35 1.95 6.50 4.30 1.50 3.80 3.50 1.95 5.50 4.00 1.50 3.70 3.40 1.90 4.33 3.50 1.75 3.50 3.25 2.05 4.33 3.60 1.73 3.60 3.30 1.91 1 1 0
model3:523019 1.73 3.60 5.00 2.00 3.25 4.00 1.65 3.40 4.75 1.85 3.00 4.20 1.67 3.60 5.25 1.95 3.25 4.20 1.65 3.60 5.75 2.00 3.20 4.20 1.65 3.50 5.30 1.90 3.35 3.90 1.67 3.50 5.50 1.97 3.20 4.00 1.67 3.60 5.75 2.00 3.30 4.40 1.60 3.70 5.75 1.95 3.30 4.20 1.67 3.30 5.50 2.05 3.10 4.00 1.70 3.70 5.75 1.95 3.30 4.50 3 0 0
model3:530143 1.53 4.00 6.00 1.80 3.75 4.50 1.60 3.65 4.60 1.75 3.30 4.15 1.67 3.75 5.00 1.85 3.60 4.00 1.66 4.00 4.75 1.72 3.75 4.50 1.65 3.50 4.60 1.80 3.40 4.00 1.63 3.80 5.00 1.73 3.65 4.50 1.65 3.90 5.40 1.75 3.80 4.75 1.57 3.80 5.00 1.80 3.50 3.90 1.62 3.50 5.50 1.87 3.60 4.20 1.61 3.75 5.00 1.75 3.60 4.30 3 1 0
model3:522081 1.40 4.50 6.50 1.53 4.20 5.00 1.38 4.55 5.80 1.45 4.65 4.70 1.44 4.75 6.00 1.53 4.33 5.50 1.40 4.50 5.50 1.50 4.33 6.00 1.40 4.45 5.75 1.55 4.10 4.50 1.40 4.55 6.00 1.55 4.20 4.65 1.44 4.60 7.00 1.53 4.60 5.40 1.40 4.50 5.75 1.53 4.10 4.75 1.36 4.80 7.00 1.50 4.40 5.20 1.40 4.50 6.00 1.55 4.20 4.50 2 1 1
model3:522082 1.73 3.75 4.00 1.91 3.50 3.60 1.68 3.75 3.90 1.80 3.45 3.63 1.80 3.80 4.00 1.91 3.60 3.80 1.72 3.75 3.75 1.85 3.60 4.00 1.70 3.75 3.80 1.80 3.45 3.65 1.75 3.85 3.90 1.85 3.55 3.75 1.75 4.00 4.20 1.90 3.70 3.80 1.75 3.75 3.70 1.90 3.40 3.50 1.70 3.80 4.20 1.87 3.50 3.70 1.75 3.75 3.75 1.67 3.50 3.70 3 0 0
model3:547128 1.67 3.60 5.50 1.80 3.50 4.60 1.60 3.60 4.80 1.70 3.60 4.05 1.62 3.75 5.50 1.75 3.40 5.00 1.55 3.75 6.50 1.80 3.75 5.00 1.60 3.90 5.70 1.75 3.60 4.80 1.65 3.80 5.50 1.75 3.60 4.75 1.61 3.90 6.00 1.83 3.60 5.00 1.50 4.25 5.85 1.80 3.50 4.75 1.60 3.90 4.80 1.80 3.60 4.75 1.73 3.60 5.60 1.75 3.60 5.00 0 2 0
model3:547141 1.67 3.80 5.00 1.73 3.75 4.75 1.60 3.80 4.50 1.70 3.65 4.02 1.62 3.80 5.50 1.73 3.60 4.75 1.61 4.00 5.00 1.75 3.90 5.00 1.70 3.70 5.10 1.80 3.60 4.50 1.65 3.95 5.25 1.70 3.75 4.75 1.65 4.10 5.40 1.75 3.90 5.00 1.75 3.60 4.50 1.75 3.75 5.00 1.60 3.80 5.00 1.80 3.75 4.50 1.67 4.00 5.00 1.75 3.80 4.75 1 2 0.75
model3:505340 1.50 4.20 5.50 1.50 4.20 5.50 1.42 4.30 5.70 1.58 3.60 4.95 1.44 4.50 6.50 1.62 3.80 5.50 1.40 4.00 9.50 1.65 4.00 4.75 1.45 3.90 6.00 1.45 3.90 6.00 1.50 4.25 5.75 1.55 4.15 5.25 1.44 4.50 7.50 1.65 4.00 5.00 1.44 4.20 6.00 1.53 4.00 5.00 1.40 4.25 7.00 1.60 3.60 5.00 1.44 4.20 5.75 1.53 3.80 5.25 5 0 0.75
model3:521757 1.61 4.00 4.50 1.70 3.80 4.20 1.55 4.20 4.25 1.70 3.65 3.90 1.65 4.00 5.00 1.70 4.00 4.50 1.61 4.20 4.75 1.70 4.00 4.33 1.60 3.60 5.00 1.60 3.60 5.00 1.60 4.00 4.75 1.65 3.95 4.40 1.61 4.20 5.20 1.70 4.10 4.50 1.57 4.00 5.25 1.62 3.90 4.75 1.53 3.80 6.00 1.70 4.00 4.75 1.57 3.80 4.80 1.61 3.80 4.33 0 0 0.75
model3:524956 1.61 4.20 5.00 1.70 4.00 4.50 1.55 4.00 4.65 1.60 3.80 4.50 1.60 4.00 5.25 1.67 3.80 4.75 1.60 4.00 5.25 1.66 4.00 5.00 1.55 4.00 5.50 1.60 3.90 5.00 1.57 4.00 5.50 1.62 4.00 5.00 1.60 4.33 5.20 1.70 4.20 4.80 1.40 5.00 6.50 1.70 4.00 4.75 1.36 3.90 11.00 1.62 4.00 5.25 1.45 4.75 7.00 1.65 4.00 5.25 6 0 0.75
model3:519830 1.73 3.50 4.33 2.05 3.30 3.75 1.65 3.45 4.50 1.95 3.10 3.55 1.73 3.60 5.00 1.95 3.30 4.00 1.66 3.60 5.25 2.05 3.50 4.00 1.65 3.50 4.50 1.65 3.50 4.50 1.65 3.45 5.25 1.85 3.50 4.00 1.73 3.70 5.00 2.10 3.50 3.90 1.67 3.50 5.00 2.00 3.30 3.60 1.80 3.50 4.50 2.00 3.40 4.00 1.73 3.75 5.00 2.00 3.40 4.00 3 1 0
model3:529079 1.73 3.40 4.60 1.73 3.40 4.60 1.68 3.45 4.30 1.80 3.30 3.86 1.73 3.60 5.00 1.85 3.30 4.33 1.72 3.50 5.00 1.80 3.50 4.50 1.75 3.50 4.50 1.80 3.50 4.20 1.70 3.55 4.70 1.75 3.45 4.30 1.75 3.75 4.75 1.93 3.50 4.30 1.75 3.50 4.50 1.90 3.30 4.00 1.67 3.70 4.60 1.87 3.20 4.20 1.67 3.60 4.80 1.75 3.40 4.33 1 1 0
model3:511343 1.70 3.40 4.80 1.91 3.20 4.00 1.72 3.30 4.30 1.90 3.20 3.60 1.67 3.50 5.50 1.95 3.30 3.80 1.61 3.60 6.00 1.95 3.30 4.00 1.70 3.50 4.40 1.70 3.50 4.40 1.75 3.40 4.70 1.90 3.25 3.95 1.75 3.40 5.00 1.95 3.40 4.10 1.65 3.40 5.00 1.80 3.50 4.40 1.67 3.50 5.20 1.95 3.30 3.60 1.80 3.30 4.33 1.91 3.30 3.80 0 1 0
model3:553174 1.83 3.40 4.00 1.91 3.30 3.80 1.85 3.45 3.50 1.85 3.45 3.50 1.83 3.50 4.33 2.10 3.40 3.30 1.75 3.50 4.20 2.00 3.30 4.00 1.75 3.30 4.20 1.85 3.30 3.65 1.80 3.40 4.10 1.85 3.40 3.85 1.83 3.50 4.33 2.05 3.50 3.50 1.75 3.40 4.20 1.90 3.40 3.60 1.73 3.40 4.00 1.73 3.40 4.00 1.75 3.30 3.80 2.00 3.25 3.10 2 1 0
model3:553317 6.50 3.75 1.50 5.00 3.40 1.75 6.10 4.00 1.42 4.50 3.25 1.70 7.50 4.33 1.40 5.25 3.50 1.70 8.00 4.50 1.40 5.50 3.75 1.66 6.50 3.90 1.45 5.60 3.90 1.55 7.00 3.95 1.45 6.00 3.60 1.55 7.50 4.00 1.36 5.50 3.60 1.75 6.25 4.10 1.50 5.50 3.50 1.72 7.50 4.33 1.36 5.75 3.60 1.70 7.00 4.00 1.36 4.70 3.50 1.67 1 0 0.75
model3:553334 1.25 5.50 10.00 1.40 4.00 8.00 1.23 5.00 9.50 1.35 4.50 6.45 1.30 4.75 10.00 1.40 4.20 9.00 1.28 5.25 10.00 1.36 4.50 9.00 1.25 4.80 9.50 1.30 4.40 8.50 1.25 5.00 9.75 1.35 4.10 8.00 1.22 5.50 12.00 1.33 4.40 10.00 1.26 5.50 11.00 1.36 4.60 8.25 1.20 5.50 9.00 1.33 4.50 9.00 1.33 4.00 7.00 1.30 4.00 8.50 1 0 1.25
model3:553173 9.00 4.80 1.28 5.00 3.80 1.60 8.50 5.00 1.25 4.90 4.25 1.46 9.50 5.00 1.30 5.50 4.20 1.57 11.00 5.00 1.30 5.25 4.20 1.57 8.25 4.80 1.30 4.80 3.90 1.55 8.50 4.95 1.30 4.95 4.00 1.55 9.50 5.00 1.33 5.40 4.20 1.57 7.75 5.00 1.30 5.25 4.25 1.48 9.50 4.20 1.33 5.00 3.90 1.53 8.00 4.70 1.28 4.70 3.80 1.50 1 7 1
model3:553172 1.60 3.75 5.00 1.65 3.50 5.00 1.48 3.85 5.50 1.60 3.60 4.65 1.53 4.00 6.00 1.67 3.50 5.50 1.50 3.80 7.50 1.61 3.60 6.00 1.45 4.00 5.75 1.60 3.50 5.00 1.50 3.90 5.75 1.65 3.55 5.00 1.55 4.00 6.00 1.65 3.70 5.40 1.50 3.80 6.00 1.57 3.70 5.25 1.53 3.70 5.75 1.60 3.60 5.00 1.48 3.80 5.25 1.55 3.60 4.80 2 0 0.75
model3:540817 1.83 3.10 4.50 1.95 3.10 4.00 1.75 3.25 4.20 1.90 3.10 3.74 1.83 3.30 4.50 2.05 3.10 4.00 1.75 3.40 4.00 2.00 3.20 4.00 1.80 3.40 4.00 1.90 3.30 3.70 1.80 3.55 4.20 2.00 3.15 4.00 1.85 3.60 4.33 2.05 3.20 4.00 1.80 3.40 4.33 2.00 3.10 4.00 1.75 3.40 4.40 1.80 3.25 3.75 1.80 3.30 4.20 1.91 3.10 3.80 2 1 0
model3:518853 1.57 4.00 5.00 1.80 3.60 4.50 1.53 4.00 4.95 1.70 3.65 4.12 1.57 4.00 5.25 1.73 4.00 5.00 1.53 4.00 6.00 1.75 4.00 5.00 1.60 3.90 5.00 1.70 3.70 4.50 1.55 4.00 5.75 1.70 3.85 4.65 1.57 4.33 6.00 1.70 4.10 5.20 1.57 4.00 5.50 1.80 3.80 4.25 1.57 4.00 5.20 1.80 3.80 4.50 1.61 4.00 5.75 1.75 4.00 4.75 1 1 0.75
model3:553266 1.70 3.50 4.60 1.85 3.40 4.33 1.60 3.70 4.50 1.75 3.50 3.84 1.62 3.80 5.50 1.85 3.60 4.00 1.57 4.00 5.50 1.83 3.75 4.20 1.55 3.70 5.00 1.75 3.45 4.10 1.60 3.80 5.25 1.85 3.60 3.90 1.60 4.00 5.50 1.87 3.80 4.10 1.62 3.60 4.60 1.75 3.50 3.90 1.73 3.50 4.50 1.87 3.50 4.20 1.57 3.75 5.00 1.80 3.50 3.80 1 2 0
model3:530133 1.91 3.50 4.00 2.00 3.40 3.80 1.88 3.38 3.45 1.95 3.25 3.35 1.65 3.75 4.60 1.91 3.60 3.80 1.80 3.60 4.33 1.90 3.60 3.80 2.00 3.30 3.30 2.00 3.30 3.30 1.73 3.80 4.25 1.90 3.65 3.60 1.75 3.75 4.60 2.00 3.80 3.60 1.78 3.40 4.10 1.90 3.30 3.70 1.70 3.70 4.40 1.95 3.60 4.00 1.91 3.50 3.60 1.95 3.50 3.50 2 0 0
model3:511329 1.75 3.25 4.75 2.00 2.90 4.00 1.75 3.35 4.05 1.88 3.30 3.55 1.75 3.30 5.00 2.00 3.20 4.00 1.80 3.50 4.50 1.90 3.30 4.20 1.80 3.40 4.00 1.80 3.40 4.00 1.70 3.45 5.00 1.95 3.10 3.95 1.70 3.50 5.25 1.93 3.20 4.30 1.78 3.25 4.33 1.91 3.20 3.75 1.80 3.30 4.50 1.87 3.25 4.20 1.75 3.30 4.33 1.90 3.20 4.00 2 3 0
model3:522058 1.50 4.33 5.50 1.75 3.75 4.00 1.70 3.70 3.85 1.85 3.60 3.35 1.80 3.80 4.00 1.80 4.00 3.80 1.53 4.00 4.75 1.80 3.80 4.20 1.50 4.00 4.95 1.75 3.65 3.70 1.55 4.10 5.00 1.80 3.75 3.80 1.53 4.20 6.00 1.80 3.90 4.00 1.50 4.10 5.00 1.80 3.70 3.50 1.44 4.33 6.00 1.80 3.70 3.90 1.53 4.00 5.00 1.75 3.70 3.70 3 0 0.75
model3:553250 1.33 4.00 8.00 1.40 4.00 6.50 1.42 3.70 7.00 1.52 3.40 6.05 1.48 3.80 8.00 1.57 3.60 6.50 1.44 3.80 9.00 1.57 3.60 6.50 1.45 3.70 7.00 1.50 3.50 6.25 1.50 3.60 6.50 1.50 3.50 6.25 1.50 3.90 7.50 1.55 3.70 7.00 1.36 4.00 8.50 1.45 3.70 7.00 1.44 3.60 7.50 1.53 3.30 6.50 1.40 3.75 7.50 1.53 3.40 6.00 0 1 1
model3:520484 1.65 3.50 5.00 1.83 3.50 4.40 1.65 3.45 4.50 1.70 3.25 4.50 1.67 3.60 5.25 1.80 3.40 4.75 1.57 3.80 6.00 1.83 3.75 4.75 1.60 3.50 4.50 1.65 3.40 4.20 1.60 3.70 5.25 1.80 3.35 4.30 1.70 3.80 5.00 1.91 3.60 4.20 1.62 3.70 4.75 1.80 3.40 4.00 1.73 3.60 4.33 1.80 3.50 4.50 1.61 3.60 5.00 1.75 3.40 4.33 1 0 0.75
model3:506073 1.33 4.80 7.50 1.35 4.80 7.00 1.30 5.00 6.70 1.38 4.50 5.85 1.29 5.50 9.50 1.44 4.50 6.00 1.25 5.50 12.00 1.44 4.75 6.00 1.35 4.50 7.30 1.35 4.50 7.30 1.22 5.75 11.00 1.40 4.65 6.25 1.25 6.00 12.00 1.45 4.80 6.50 1.33 5.25 7.50 1.44 4.60 6.00 1.30 4.75 8.50 1.44 4.20 6.50 1.30 5.00 7.50 1.33 5.00 7.00 3 2 1.25
model3:519790 1.40 4.50 8.00 1.44 4.20 7.50 1.30 4.55 7.80 1.50 3.55 5.80 1.33 4.75 10.00 1.44 4.33 8.00 1.33 5.00 9.00 1.50 4.40 7.50 1.35 4.20 7.50 1.35 4.20 7.50 1.38 4.75 7.00 1.38 4.50 8.00 1.36 4.80 9.00 1.45 4.60 8.00 1.36 4.60 7.75 1.44 4.25 6.75 1.36 4.50 8.00 1.50 4.33 7.50 1.36 5.00 9.00 1.43 4.60 7.50 3 0 1
model3:534622 1.53 4.00 5.50 1.70 3.80 4.20 1.50 3.80 5.30 1.70 3.60 4.00 1.75 3.80 4.20 1.75 3.80 4.20 1.53 3.75 5.00 1.75 3.40 4.33 1.55 3.70 4.90 1.65 3.65 3.90 1.55 3.80 5.00 1.70 3.70 4.00 1.53 4.00 6.25 1.77 3.90 4.10 1.53 3.80 5.50 1.72 3.60 4.20 1.50 4.00 5.50 1.73 3.50 4.20 1.70 3.60 4.00 1.70 3.60 4.00 2 0 0.75
model3:533916 1.44 4.33 7.50 1.50 4.00 7.00 1.35 4.40 7.00 1.40 4.00 6.80 1.40 4.33 7.50 1.48 4.00 7.00 1.44 4.20 7.50 1.50 4.20 7.00 1.40 4.40 7.30 1.45 4.00 7.00 1.40 4.40 7.50 1.47 4.25 6.50 1.40 4.75 8.00 1.50 4.40 7.50 1.44 4.20 7.50 1.50 4.10 7.25 1.40 4.40 7.00 1.57 3.80 6.50 1.44 4.70 7.50 1.53 4.33 6.50 3 0 1
model3:529060 1.73 3.40 4.60 1.91 3.20 4.00 1.80 3.40 3.75 1.95 3.10 3.55 1.75 3.60 4.50 2.00 3.10 4.00 1.70 3.75 4.75 1.95 3.30 4.00 1.75 3.50 4.50 1.90 3.45 3.80 1.70 3.60 4.55 1.90 3.25 4.00 1.75 3.75 4.80 1.95 3.40 4.30 1.70 3.60 4.75 1.95 3.25 3.80 1.73 3.50 4.60 2.00 3.10 3.80 1.85 3.40 3.80 1.95 3.20 4.00 0 2 0
model3:552517 1.40 4.00 7.50 1.75 3.40 4.50 1.55 3.60 5.15 1.72 3.30 4.30 1.62 3.75 5.50 1.75 3.60 4.50 1.40 4.00 7.00 1.72 3.75 4.50 1.40 4.00 6.50 1.65 3.50 4.50 1.40 4.10 7.25 1.70 3.50 4.55 1.57 3.50 5.00 1.67 3.40 4.33 1.40 4.00 7.50 1.60 3.60 5.00 1.36 4.20 8.00 1.67 3.30 4.60 1.40 3.80 7.00 1.67 3.40 4.33 3 1 1
model3:552511 1.33 4.00 8.00 1.53 4.00 5.50 1.37 4.15 6.80 1.53 3.80 5.00 1.48 4.20 6.50 1.62 3.80 5.50 1.33 4.20 8.00 1.66 3.50 5.50 1.40 4.00 6.50 1.40 4.00 6.50 1.45 4.15 6.50 1.55 3.80 5.25 1.36 4.10 7.00 1.57 3.70 4.75 1.33 4.50 8.00 1.60 3.90 4.60 1.44 3.70 7.00 1.57 3.50 5.50 1.35 4.20 7.00 1.48 3.80 5.60 2 1 1
model3:552970 29.00 13.00 1.05 11.00 5.50 1.25 21.00 10.00 1.03 8.30 4.60 1.28 21.00 9.00 1.08 8.00 4.50 1.36 21.00 12.00 1.06 10.00 4.75 1.30 16.00 7.50 1.10 12.00 5.50 1.20 18.50 7.50 1.10 15.00 5.75 1.18 34.00 13.00 1.04 13.00 6.50 1.22 26.00 12.50 1.05 7.50 5.50 1.33 41.00 7.50 1.10 13.00 6.00 1.22 23.00 8.50 1.09 11.00 6.00 1.20 0 0 1.75
model3:551900 1.25 4.50 9.00 1.36 5.00 8.00 1.23 5.20 9.00 1.38 3.90 7.05 1.30 5.25 10.00 1.40 5.00 8.00 1.25 6.00 10.00 1.44 4.75 8.00 1.30 5.00 9.00 1.40 4.40 7.30 1.25 5.50 9.75 1.35 4.85 7.00 1.25 6.00 11.50 1.44 4.80 7.50 1.33 5.00 7.50 1.44 4.75 7.00 1.22 5.50 12.00 1.40 5.00 8.00 1.25 5.70 10.00 1.40 4.50 7.00 5 1 1.75
model3:551897 1.33 4.33 7.00 1.50 4.00 7.00 1.22 5.30 9.20 1.35 4.30 6.90 1.25 5.50 11.00 1.44 4.50 8.00 1.28 5.00 11.00 1.53 4.33 7.00 1.30 5.00 9.00 1.40 4.40 7.30 1.25 5.25 10.00 1.45 4.15 6.25 1.25 5.50 12.00 1.50 4.33 7.50 1.36 4.50 8.00 1.50 4.25 6.75 1.25 5.25 11.00 1.50 4.33 7.00 1.26 5.25 10.50 1.40 4.33 6.50 0 0 1.75
model3:548318 6.00 4.00 1.50 6.00 4.00 1.53 5.90 4.10 1.42 5.55 3.70 1.50 6.00 4.00 1.50 5.00 3.75 1.67 5.75 4.00 1.50 5.00 3.75 1.66 5.40 3.70 1.60 4.90 3.70 1.65 6.00 4.10 1.50 5.00 3.75 1.65 6.50 4.30 1.45 5.75 3.90 1.61 6.00 3.90 1.55 5.25 3.75 1.62 6.00 4.20 1.44 5.00 3.50 1.67 7.00 4.20 1.45 4.80 3.60 1.61 1 0 0
model3:538525 1.36 4.60 9.00 1.44 4.33 7.50 1.32 4.60 7.30 1.35 4.30 7.20 1.36 4.50 9.50 1.40 4.33 8.50 1.30 5.00 11.00 1.44 4.33 8.00 1.40 4.40 7.30 1.40 4.40 7.30 1.30 5.00 11.00 1.35 4.75 9.00 1.30 5.00 12.00 1.44 4.40 9.50 1.30 5.00 10.00 1.40 4.60 8.75 1.33 4.80 8.00 1.33 4.33 7.00 1.35 5.00 10.00 1.40 4.80 9.00 2 0 1.75
model3:519773 1.61 3.50 4.50 1.83 3.40 4.50 1.72 3.35 4.20 1.90 3.30 3.47 1.75 3.40 4.75 1.91 3.30 4.00 1.75 3.50 4.75 2.00 3.50 4.20 1.80 3.20 4.00 1.80 3.20 4.00 1.73 3.60 4.50 1.80 3.50 4.25 1.70 3.75 5.20 1.90 3.50 4.75 1.70 3.60 4.60 1.80 3.40 4.25 1.62 3.75 5.00 1.91 3.40 4.50 1.75 3.70 4.80 1.95 3.40 4.20 0 0 0
model3:533904 3.80 4.00 1.83 3.75 3.80 2.00 3.60 3.82 1.75 3.45 3.55 1.85 4.00 3.80 1.75 3.25 3.80 2.00 4.33 4.00 1.70 3.40 3.60 2.10 3.80 3.60 1.85 3.75 3.50 1.90 4.00 4.00 1.75 3.70 3.80 1.85 4.20 4.20 1.75 3.50 4.20 2.00 4.33 4.00 1.70 3.40 3.70 2.10 4.25 3.80 1.70 4.00 3.00 1.83 4.30 4.00 1.80 3.50 3.80 2.05 1 3 0
model3:522039 1.40 4.50 6.50 1.60 3.80 5.00 1.45 4.40 5.00 1.55 3.80 4.80 1.57 4.00 5.50 1.60 4.00 5.00 1.40 4.50 5.50 1.57 4.33 5.00 1.40 4.55 5.75 1.55 3.90 4.75 1.40 4.70 5.75 1.55 4.00 4.90 1.44 4.60 6.50 1.65 4.10 4.80 1.40 4.60 5.50 1.55 4.20 4.50 1.40 4.60 7.00 1.53 3.90 5.50 1.50 4.00 5.00 1.61 3.80 4.33 1 0 1.75
model3:522041 1.70 3.80 4.00 1.75 4.00 3.75 1.70 3.95 3.63 1.90 3.55 3.25 1.75 3.80 4.00 1.95 3.80 3.40 1.75 3.75 3.60 1.90 3.80 3.60 1.75 3.80 3.65 1.90 3.65 3.30 1.75 3.85 3.75 1.90 3.75 3.35 1.80 3.90 4.00 1.93 3.90 3.50 1.75 3.70 3.70 1.80 3.70 3.50 1.75 3.75 4.00 1.95 3.50 3.50 1.75 3.80 3.70 1.85 3.70 3.40 0 2 0
model3:522042 1.33 5.00 7.00 1.53 4.20 5.00 1.35 4.80 5.90 1.60 3.90 4.25 1.48 4.50 6.00 1.60 4.00 5.00 1.33 5.00 6.00 1.57 4.00 5.50 1.30 5.00 6.50 1.50 4.25 4.95 1.35 5.25 6.50 1.55 4.25 4.70 1.33 5.40 8.00 1.60 4.33 4.80 1.33 5.00 6.25 1.55 4.20 4.40 1.30 5.20 8.00 1.57 3.90 5.00 1.43 4.50 5.60 1.57 4.00 4.50 4 1 1.75
model3:547486 1.22 6.00 13.00 1.33 5.00 9.00 1.25 5.00 8.50 1.28 4.80 7.80 1.25 5.25 13.00 1.35 4.75 9.50 1.20 5.50 19.00 1.36 5.00 11.00 1.22 6.00 10.50 1.25 5.50 10.30 1.25 5.50 12.00 1.33 4.75 10.00 1.22 6.00 15.00 1.33 5.25 11.50 1.25 5.50 11.00 1.36 4.75 8.00 1.22 5.20 19.00 1.36 4.50 9.00 1.25 5.50 17.00 1.36 4.80 10.50 1 2 1.25
model3:547507 1.44 4.40 7.00 1.70 3.80 4.80 1.45 4.00 5.60 1.75 3.60 3.72 1.53 4.00 6.00 1.75 3.80 4.00 1.50 4.00 7.00 1.80 3.80 4.75 1.45 4.00 7.00 1.60 3.70 5.40 1.50 4.15 6.00 1.67 3.75 5.00 1.50 4.20 6.25 1.67 4.10 5.25 1.45 4.00 7.50 1.83 3.80 4.33 1.50 4.00 6.00 1.75 3.75 4.75 1.50 4.20 7.50 1.73 4.00 4.80 2 2 0.75
model3:551989 1.20 6.00 11.00 1.22 6.00 10.00 1.18 5.90 10.00 1.28 5.20 6.95 1.22 6.00 12.00 1.33 5.25 8.00 1.20 6.00 15.00 1.30 5.50 9.00 1.18 5.50 10.25 1.30 4.75 6.50 1.25 5.25 8.50 1.35 4.80 6.50 1.20 6.00 13.00 1.33 5.20 8.00 1.20 5.50 11.50 1.28 5.00 8.50 1.33 4.60 7.50 1.25 5.00 11.00 1.18 5.75 11.00 1.30 5.00 7.00 2 2 1.5
model3:552237 1.22 4.80 15.00 1.35 4.20 9.00 1.22 4.85 11.00 1.35 4.20 7.25 1.25 5.00 13.00 1.40 4.00 8.50 1.20 5.25 15.00 1.40 4.33 8.50 1.20 4.90 14.75 1.35 3.95 8.00 1.20 5.00 15.00 1.35 4.00 8.25 1.22 5.50 17.00 1.40 4.20 9.50 1.22 5.00 12.50 1.34 4.20 8.75 1.20 5.50 15.00 1.40 3.90 8.50 1.20 5.00 15.00 1.33 4.00 8.50 3 1 1
model3:529040 1.91 3.50 3.60 1.91 3.50 3.60 1.82 3.45 3.60 1.90 3.45 3.30 1.85 3.50 4.00 1.95 3.40 3.80 1.85 3.80 3.80 1.95 3.60 3.60 1.80 3.50 4.20 1.90 3.45 3.80 1.85 3.60 3.85 1.90 3.55 3.75 1.87 3.80 4.00 2.00 3.60 3.80 1.90 3.40 3.80 2.00 3.50 3.50 1.83 3.60 3.80 2.00 3.50 3.30 1.80 3.75 3.80 1.91 3.50 3.70 5 2 0
model3:522036 1.35 4.80 7.00 1.35 4.80 7.00 1.25 5.50 7.40 1.28 5.20 7.00 1.35 5.00 8.00 1.33 5.25 8.00 1.20 5.50 10.00 1.36 4.75 8.00 1.18 5.50 11.75 1.40 4.50 5.50 1.20 6.00 12.50 1.45 4.65 5.75 1.18 7.00 13.00 1.33 5.40 8.00 1.20 5.75 9.50 1.33 5.00 6.50 1.18 7.00 13.00 1.30 5.20 8.00 1.20 6.00 10.00 1.33 4.80 6.50 3 1 1.5
model3:524917 1.75 3.75 4.50 1.91 3.50 4.00 1.68 3.65 4.15 1.90 3.40 3.45 1.75 3.60 4.50 1.91 3.50 3.80 1.72 3.75 4.50 1.90 3.60 4.00 1.75 3.50 4.50 1.80 3.50 4.20 1.75 3.65 4.50 1.82 3.65 4.20 1.65 4.00 5.25 1.95 3.75 3.80 1.80 3.50 4.40 1.95 3.60 3.90 1.62 3.75 4.80 1.95 3.50 3.80 1.61 4.00 5.00 1.90 3.75 4.20 2 1 0
model3:550255 1.36 4.50 7.50 1.50 4.00 5.50 1.32 4.80 6.60 1.50 3.60 5.70 1.35 4.75 8.50 1.60 3.80 5.50 1.28 5.00 11.00 1.57 4.20 5.25 1.35 4.50 7.25 1.45 3.90 5.75 1.35 4.60 7.25 1.55 3.80 5.75 1.33 5.00 9.00 1.60 3.80 5.75 1.33 4.75 7.25 1.57 4.00 5.00 1.33 4.40 8.50 1.36 4.00 9.00 1.30 4.33 7.50 1.33 4.33 6.50 1 0 0.75
model3:455517 1.44 3.75 6.00 1.67 3.40 6.00 1.55 3.60 5.15 1.60 3.40 5.05 1.50 3.80 6.50 1.67 3.40 5.75 1.50 3.80 7.50 1.66 3.80 6.00 1.55 3.90 5.60 1.65 3.60 5.10 1.60 3.60 6.00 1.65 3.45 5.50 1.60 3.75 6.50 1.75 3.50 5.75 1.55 3.75 6.25 1.67 3.60 5.75 1.53 3.60 5.00 1.67 3.60 6.00 1.61 3.75 6.50 1.67 3.75 6.00 2 0 0.75
model3:455410 1.50 4.00 7.00 1.67 3.60 5.50 1.48 3.80 5.60 1.50 3.75 5.40 1.50 3.80 6.00 1.57 3.80 6.50 1.44 4.20 7.50 1.66 3.80 6.00 1.40 4.40 7.30 1.55 3.90 5.60 1.50 4.05 6.75 1.60 3.65 5.50 1.50 4.20 7.00 1.61 3.90 6.50 1.45 4.00 7.00 1.65 3.75 5.75 1.50 4.00 6.50 1.57 4.00 6.50 1.53 4.30 7.00 1.57 4.00 6.50 0 1 0.75
model3:517813 1.33 4.50 8.50 1.50 3.75 6.50 1.33 4.30 7.50 1.50 3.65 5.65 1.40 4.00 8.50 1.53 3.75 7.00 1.33 4.60 8.00 1.50 4.20 6.50 1.30 4.80 8.50 1.45 3.90 6.50 1.35 4.50 8.00 1.55 3.65 5.75 1.36 4.30 9.50 1.53 3.80 6.50 1.35 4.60 9.25 1.50 4.10 6.25 1.44 4.00 7.00 1.53 3.80 7.00 1.33 4.50 8.00 1.53 3.80 6.00 1 0 1
model3:517852 6.50 4.80 1.36 4.50 3.10 1.83 6.50 4.50 1.35 3.60 3.35 1.85 6.00 3.60 1.60 4.50 3.40 1.80 6.50 4.75 1.36 4.50 3.30 1.85 7.30 4.50 1.35 4.60 3.50 1.65 6.75 4.65 1.35 4.60 3.30 1.75 8.00 4.40 1.40 5.20 3.50 1.70 7.75 4.75 1.36 4.60 3.50 1.75 5.80 3.70 1.53 5.25 3.30 1.80 6.50 4.75 1.36 4.50 3.50 1.65 0 1 0
model3:551861 1.40 4.00 8.00 1.44 4.00 8.00 1.40 3.80 7.20 1.50 3.45 6.25 1.36 4.00 9.00 1.55 3.75 6.50 1.40 4.50 7.50 1.55 3.75 6.50 1.40 4.40 7.30 1.45 4.00 7.00 1.40 4.25 8.25 1.50 3.85 7.25 1.40 4.30 9.50 1.60 3.70 6.50 1.40 4.25 8.00 1.57 3.75 7.00 1.33 4.33 7.00 1.40 4.00 7.00 1.36 4.50 8.00 1.40 3.60 7.00 2 0 1
model3:551891 1.67 3.60 4.00 1.95 3.75 3.60 1.55 3.85 4.70 1.80 3.25 3.95 1.62 3.80 5.00 1.91 3.60 3.75 1.57 4.10 5.50 1.85 3.60 4.00 1.55 3.80 4.75 1.85 3.45 3.50 1.60 3.95 5.00 1.90 3.55 3.60 1.53 4.10 5.40 1.95 3.75 3.80 1.60 3.90 4.40 1.91 3.40 3.40 1.57 3.50 5.00 1.87 3.60 4.00 1.62 3.75 4.80 1.70 3.60 4.33 5 1 0
model3:506053 1.36 4.50 8.00 1.44 4.33 6.00 1.38 4.30 6.20 1.38 4.30 6.20 1.44 4.33 7.00 1.48 4.20 6.50 1.36 4.60 7.00 1.44 4.50 6.50 1.40 4.10 7.00 1.40 4.10 7.00 1.40 4.55 7.50 1.50 4.30 5.75 1.40 4.60 9.00 1.50 4.60 6.50 1.40 4.25 7.50 1.45 4.10 6.75 1.40 4.00 7.50 1.44 3.90 6.50 1.40 4.50 6.50 1.44 4.30 5.75 4 0 1
model3:534599 1.40 4.00 6.50 1.91 3.50 3.60 1.42 4.00 6.10 1.90 3.45 3.30 1.67 3.80 4.75 2.00 3.50 3.50 1.44 4.00 6.00 2.00 3.40 3.75 1.40 3.95 6.00 1.80 3.45 3.55 1.45 4.20 6.25 1.95 3.55 3.35 1.40 4.60 7.50 1.87 3.75 3.80 1.48 4.00 5.75 1.62 3.75 4.60 1.67 3.70 4.33 1.95 3.50 3.40 1.62 3.75 4.50 1.80 3.50 3.70 1 0 0
model3:522026 1.60 4.00 4.80 1.83 3.60 3.75 1.65 3.80 4.05 1.90 3.60 3.22 1.75 3.80 4.20 1.91 3.60 3.75 1.72 3.80 4.00 1.95 3.60 3.60 1.60 3.75 4.60 1.90 3.50 3.40 1.60 3.85 4.75 1.90 3.60 3.50 1.80 3.90 4.10 1.95 3.80 3.50 1.65 3.75 4.25 1.78 3.70 3.60 1.80 3.70 3.80 1.95 3.30 3.60 1.75 3.70 3.80 1.75 3.60 3.80 0 1 0
model3:547464 1.67 3.40 5.00 1.85 3.40 4.33 1.75 3.25 4.20 1.90 3.40 3.40 1.75 3.40 4.75 1.91 3.30 4.00 1.75 3.50 4.75 2.00 3.50 4.20 1.75 3.50 4.50 1.80 3.50 4.20 1.75 3.45 4.85 1.80 3.50 4.50 1.70 3.60 5.00 1.85 3.60 4.75 1.75 3.60 4.50 1.85 3.50 4.10 1.62 3.50 5.50 1.87 3.40 4.75 1.73 3.75 5.25 1.85 3.60 4.33 3 2 0
model3:547051 11.00 6.50 1.20 11.00 6.00 1.25 12.00 6.30 1.15 9.50 6.30 1.18 13.00 6.50 1.20 12.00 6.50 1.25 13.00 7.00 1.18 11.00 6.50 1.28 15.00 6.50 1.20 11.50 6.00 1.25 11.75 6.75 1.20 11.50 6.25 1.23 17.00 7.50 1.12 13.00 7.00 1.25 12.00 7.50 1.17 10.50 6.75 1.26 21.00 6.50 1.17 12.00 6.50 1.25 13.00 7.50 1.20 11.00 6.50 1.25 0 2 1.75
model3:547099 5.00 3.60 1.67 4.50 3.20 1.91 4.35 3.50 1.68 3.55 3.30 1.90 5.25 3.60 1.65 4.33 3.50 1.91 5.50 3.60 1.66 4.50 3.50 1.95 5.40 3.80 1.65 4.30 3.55 1.85 5.25 3.70 1.70 4.25 3.40 1.90 6.25 3.90 1.50 4.30 3.60 1.95 5.00 3.80 1.65 4.50 3.50 1.91 4.80 3.60 1.67 4.33 3.50 1.91 5.00 3.80 1.73 4.75 3.50 1.85 3 2 0
model3:547098 1.25 5.50 10.00 1.44 4.50 7.00 1.18 6.10 10.00 1.42 4.50 5.30 1.25 6.00 11.00 1.44 4.50 7.50 1.22 6.50 11.00 1.45 5.00 7.50 1.22 6.20 13.50 1.45 4.40 7.20 1.25 6.25 9.75 1.45 4.50 7.00 1.22 6.00 10.50 1.45 5.00 6.50 1.25 6.00 9.75 1.45 4.75 7.50 1.20 5.75 15.00 1.44 5.00 7.00 1.26 6.50 11.00 1.44 5.00 6.50 2 1 1.25
model3:522018 1.44 4.33 6.00 1.75 3.75 4.00 1.53 4.00 4.70 1.75 3.70 3.65 1.62 4.00 4.75 1.75 3.60 4.50 1.50 4.00 5.00 1.75 4.00 4.00 1.50 4.10 5.25 1.65 3.85 4.20 1.45 4.30 6.25 1.65 3.95 4.35 1.50 4.30 6.25 1.80 3.80 4.10 1.50 4.10 5.00 1.62 3.80 4.20 1.60 3.80 5.20 1.70 3.50 4.75 1.57 4.00 4.50 1.61 3.60 4.33 0 0 0.75
model3:538498 1.20 6.00 12.00 1.30 5.00 10.00 1.20 5.60 10.00 1.25 4.80 9.50 1.20 6.50 15.00 1.30 5.00 11.00 1.16 8.00 12.00 1.30 5.50 10.00 1.20 5.80 13.00 1.30 5.00 9.00 1.18 7.00 15.00 1.28 5.40 11.50 1.15 7.50 20.00 1.33 5.40 12.00 1.19 6.50 13.00 1.30 5.75 9.75 1.20 6.00 15.00 1.29 5.50 10.00 1.22 7.00 13.00 1.30 5.60 11.00 5 1 1.5
model3:522012 1.33 4.50 8.00 1.60 4.20 4.40 1.35 4.50 6.50 1.50 4.20 4.75 1.50 4.50 5.50 1.60 4.20 5.00 1.28 5.00 7.50 1.60 4.20 5.00 1.30 4.85 7.50 1.60 4.15 4.25 1.35 4.80 7.50 1.60 4.25 4.40 1.33 5.00 9.00 1.57 4.40 5.00 1.28 5.00 7.50 1.48 4.40 4.75 1.50 4.50 5.00 1.57 4.20 4.80 1.48 4.50 4.80 1.57 4.00 4.33 3 1 1
model3:550184 1.33 4.33 7.00 1.40 4.50 6.50 1.33 4.60 6.80 1.40 4.40 5.50 1.36 4.75 7.50 1.40 4.75 6.50 1.33 5.00 9.00 1.44 4.75 6.00 1.35 4.40 7.25 1.40 4.30 5.75 1.30 4.85 9.00 1.45 4.50 6.00 1.36 4.75 8.50 1.40 4.75 7.00 1.36 4.50 8.25 1.45 4.40 6.00 1.33 4.75 7.00 1.40 4.33 5.75 1.33 4.80 7.00 1.40 4.50 6.00 3 0 1.25
model3:540092 7.00 5.00 1.33 4.20 3.80 1.70 7.40 4.70 1.30 4.70 3.60 1.60 7.00 4.50 1.40 4.50 3.80 1.67 10.00 4.33 1.36 4.75 4.00 1.66 7.50 4.20 1.35 5.50 3.80 1.50 7.00 4.60 1.35 4.45 3.95 1.60 9.50 4.80 1.33 5.00 4.20 1.53 7.00 4.40 1.35 5.00 3.90 1.53 7.50 4.20 1.40 4.80 3.70 1.62 7.00 4.60 1.33 4.50 4.00 1.57 1 2 0.75
model3:505694 1.73 3.20 5.00 1.73 3.20 5.00 1.70 3.30 4.40 1.80 3.20 4.00 1.73 3.40 5.25 1.85 3.30 4.50 1.70 3.50 5.25 1.85 3.30 4.50 1.65 3.20 4.70 1.75 3.10 4.40 1.70 3.35 4.95 1.75 3.30 4.75 1.70 3.50 5.40 1.87 3.30 4.60 1.65 3.40 5.00 1.70 3.40 4.60 1.75 3.30 4.40 1.80 3.20 4.20 1.67 3.30 4.75 1.75 3.25 4.33 1 2 0
model3:502208 1.61 3.75 5.00 2.05 3.25 3.40 1.60 3.65 4.60 1.95 3.20 3.45 1.67 3.60 5.00 2.05 3.30 3.60 1.61 4.00 5.00 1.90 3.60 3.75 1.60 3.60 5.00 1.90 3.30 3.70 1.65 3.70 4.90 1.90 3.45 3.80 1.67 3.80 5.25 2.05 3.50 3.70 1.62 4.00 5.00 1.90 3.50 3.90 1.62 3.60 4.60 1.95 3.20 3.60 1.65 3.75 4.80 1.83 3.40 4.00 1 0 0
model3:550175 1.35 4.80 7.50 1.40 4.50 7.00 1.30 4.80 7.20 1.40 4.50 5.55 1.30 5.25 9.00 1.36 4.75 7.50 1.33 5.00 9.00 1.36 4.50 8.50 1.35 4.55 6.25 1.40 4.30 5.75 1.35 4.85 7.50 1.45 4.50 6.00 1.36 5.00 8.00 1.36 5.00 7.50 1.36 4.75 7.50 1.42 4.50 6.50 1.36 4.40 6.50 1.36 4.40 7.00 1.36 4.75 6.50 1.43 4.50 5.75 6 1 1.25
model3:548333 1.61 3.50 4.80 2.00 3.50 3.75 1.78 3.45 3.75 1.95 3.25 3.34 1.73 3.60 4.20 2.00 3.50 3.80 1.72 3.50 5.00 2.05 3.50 4.00 1.85 3.40 3.80 2.00 3.30 3.60 1.70 3.50 4.90 1.95 3.35 3.65 1.67 3.75 5.20 1.95 3.50 4.30 1.67 3.70 5.00 2.00 3.30 3.75 1.73 3.50 4.50 1.95 3.40 4.20 1.73 3.50 4.75 1.95 3.40 3.75 1 0 0
model3:547346 1.53 3.60 5.00 1.75 3.75 4.50 1.55 3.68 5.00 1.65 3.60 4.30 1.57 3.90 5.20 1.75 3.60 4.33 1.61 3.80 5.50 1.75 3.75 4.50 1.55 3.60 5.25 1.70 3.55 4.20 1.60 3.75 5.25 1.75 3.65 4.35 1.53 3.75 5.00 1.80 3.90 4.40 1.55 3.80 5.25 1.60 3.70 4.75 1.57 3.80 5.20 1.73 3.80 4.50 1.53 4.00 5.50 1.57 3.80 4.30 7 0 0.75
model3:540773 1.73 3.40 4.60 2.00 3.20 3.60 1.65 3.50 4.45 1.90 3.20 3.60 1.80 3.30 4.50 2.00 3.30 3.80 1.83 3.50 3.80 1.90 3.40 4.00 1.70 3.50 4.40 1.75 3.40 4.30 1.75 3.40 4.70 1.95 3.25 3.85 1.77 3.50 5.00 2.05 3.40 3.90 1.78 3.40 4.50 1.91 3.40 3.90 1.70 3.40 4.80 2.00 3.25 3.60 1.70 3.40 4.70 2.00 3.30 4.20 5 1 0
model3:505278 1.50 3.75 6.50 1.73 3.50 4.40 1.68 3.60 4.20 2.00 3.15 3.40 1.75 3.50 4.75 1.80 3.50 4.33 1.53 3.75 5.75 1.75 3.60 4.75 1.55 3.70 5.00 1.55 3.70 5.00 1.55 3.85 6.00 1.80 3.45 4.30 1.50 4.20 6.50 2.05 3.50 3.60 1.53 3.70 5.75 1.91 3.40 3.50 1.50 3.90 5.80 1.87 3.30 3.80 1.67 3.50 4.50 1.67 3.50 4.50 0 0 0
model3:524884 1.50 4.20 6.50 1.50 4.20 6.50 1.40 4.45 5.80 1.65 3.70 4.25 1.40 4.50 8.00 1.62 3.80 5.25 1.40 4.75 7.00 1.61 4.00 5.50 1.50 4.00 6.10 1.55 3.90 5.60 1.38 4.75 7.50 1.55 4.00 6.00 1.36 5.00 8.50 1.70 4.20 5.25 1.40 4.50 7.50 1.65 3.90 5.25 1.36 4.50 8.50 1.57 4.33 5.50 1.36 5.20 8.50 1.57 4.33 6.00 2 0 0.75
model3:502194 1.67 3.80 4.40 1.83 3.60 3.75 1.62 3.75 4.30 1.70 3.60 4.00 1.67 3.80 4.75 1.80 3.60 4.00 1.61 4.00 5.25 1.80 3.80 4.00 1.65 3.50 4.60 1.70 3.50 4.40 1.50 4.05 6.00 1.65 3.90 4.45 1.50 4.30 6.50 1.83 3.90 4.00 1.50 4.20 6.00 1.78 3.75 4.10 1.62 3.70 4.60 1.80 3.50 4.33 1.65 3.80 4.50 1.67 3.80 4.33 2 1 0
model3:506036 1.53 4.20 5.00 1.67 3.75 4.50 1.48 4.15 5.00 1.70 3.50 4.15 1.57 4.00 5.25 1.75 3.60 4.50 1.53 3.75 7.00 1.72 3.60 4.75 1.50 3.80 5.70 1.50 3.80 5.70 1.50 3.90 6.50 1.60 4.00 4.95 1.50 4.00 7.50 1.75 3.80 4.50 1.55 3.75 6.00 1.65 3.75 4.75 1.50 3.80 6.00 1.73 3.40 4.33 1.50 4.00 5.60 1.70 3.70 4.50 2 1 0.75
model3:511260 1.36 4.33 7.00 1.65 3.30 5.50 1.38 4.20 6.50 1.60 3.40 5.05 1.50 3.80 7.00 1.67 3.50 5.50 1.36 4.20 7.00 1.61 3.80 5.50 1.45 3.90 6.50 1.45 3.90 6.50 1.40 4.45 7.50 1.50 3.80 6.50 1.36 4.50 8.50 1.73 3.50 5.25 1.36 4.25 7.50 1.60 3.70 6.50 1.50 3.80 7.00 1.50 3.75 6.50 1.44 3.80 6.50 1.50 3.80 6.00 1 1 0.75
model3:547121 1.10 8.00 17.00 1.20 6.50 13.00 1.06 8.50 20.00 1.14 6.40 13.00 1.11 9.00 29.00 1.22 6.00 15.00 1.11 8.50 21.00 1.25 6.50 15.00 1.10 9.00 27.00 1.20 6.50 15.00 1.10 10.00 22.00 1.20 6.50 15.00 1.06 9.50 29.00 1.25 6.50 13.00 1.11 8.25 21.00 1.12 7.50 23.00 1.07 9.50 91.00 1.22 6.50 15.00 1.08 7.50 21.00 1.22 6.50 13.00 4 0 1.75
model3:547132 1.73 3.50 4.33 1.91 3.50 4.00 1.62 3.60 4.65 1.80 3.35 3.70 1.67 3.50 5.25 1.91 3.50 4.33 1.66 3.80 5.00 1.90 3.60 4.50 1.75 3.60 4.80 1.85 3.50 4.30 1.70 3.75 5.00 1.95 3.40 4.00 1.70 3.60 4.60 1.90 3.60 4.60 1.70 3.40 5.25 1.67 3.60 5.25 1.70 3.50 4.60 1.95 3.50 4.20 1.67 3.60 4.50 2.00 3.50 4.00 2 3 0
model3:520420 1.44 4.00 6.50 1.67 3.60 5.50 1.45 4.00 5.60 1.60 3.50 4.80 1.50 4.00 6.00 1.70 3.75 4.75 1.50 4.33 6.00 1.66 4.00 5.50 1.45 3.80 5.40 1.45 3.80 5.40 1.50 4.05 6.00 1.65 3.80 4.70 1.50 4.33 7.00 1.75 4.20 4.60 1.50 4.00 5.50 1.62 3.80 4.50 1.57 3.50 5.00 1.75 3.80 4.50 1.50 4.00 5.50 1.60 3.80 4.80 2 3 0.75
model3:538468 1.60 3.80 6.00 1.75 3.60 4.80 1.48 3.80 5.80 1.65 3.35 4.85 1.50 3.75 6.50 1.75 3.40 5.00 1.50 4.00 7.00 1.72 3.50 5.50 1.50 4.00 6.10 1.60 3.70 5.40 1.58 3.80 6.25 1.73 3.50 5.25 1.61 3.90 5.75 1.75 3.60 5.75 1.50 4.10 6.25 1.62 3.70 5.50 1.50 4.00 6.00 1.53 3.75 6.50 1.55 4.20 6.50 1.60 4.00 6.00 2 2 0.75
model3:523312 1.75 3.30 4.60 1.95 2.90 4.33 1.75 3.25 4.20 2.00 3.25 3.25 1.75 3.25 5.00 2.00 3.00 4.20 1.57 4.20 5.50 1.95 3.30 4.00 1.65 3.30 4.90 1.65 3.30 4.90 1.53 3.60 7.00 1.95 3.25 4.00 1.60 3.70 6.50 1.87 3.30 5.00 1.48 3.80 7.00 2.10 3.10 3.70 1.75 3.40 4.50 1.80 3.25 4.50 1.75 3.30 4.33 1.90 3.10 3.80 0 2 0
model3:540763 1.20 5.50 13.00 1.20 5.50 13.00 1.17 5.80 11.00 1.25 5.00 8.50 1.22 5.75 15.00 1.25 5.50 12.00 1.16 6.50 19.00 1.25 5.50 13.00 1.22 5.30 11.00 1.25 5.00 10.00 1.22 5.75 13.75 1.25 5.25 10.75 1.20 6.00 15.00 1.25 6.00 13.00 1.16 6.25 17.50 1.25 5.25 11.00 1.15 6.50 21.00 1.22 5.25 17.00 1.18 5.60 13.00 1.22 5.25 11.00 6 0 1.5
model3:547634 1.80 3.30 5.00 1.95 3.30 5.00 1.60 3.55 4.75 1.88 3.35 3.55 1.67 3.50 5.75 1.91 3.10 4.33 1.60 4.00 5.25 1.95 3.20 4.20 1.65 3.50 4.60 1.80 3.40 4.00 1.60 3.55 6.00 1.85 3.15 4.40 1.70 3.50 5.40 1.91 3.20 4.40 1.65 3.70 5.25 1.85 3.30 4.60 1.62 3.50 4.50 1.62 3.50 5.50 1.55 3.50 6.00 1.80 3.20 4.30 1 1 0
model3:455469 1.18 7.00 15.00 1.30 5.00 11.00 1.20 5.20 11.00 1.32 4.50 7.40 1.22 5.25 12.00 1.33 5.00 11.00 1.25 6.00 10.00 1.36 5.25 10.00 1.25 5.50 10.30 1.35 4.80 7.60 1.16 7.50 14.25 1.30 5.00 9.75 1.17 7.50 21.00 1.40 4.75 10.00 1.12 7.50 13.00 1.40 4.60 9.25 1.29 5.20 10.00 1.40 4.50 9.50 1.28 5.75 13.00 1.30 5.25 11.00 1 0 1.25
model3:455471 1.67 3.60 5.50 1.85 3.10 5.00 1.63 3.35 4.85 1.90 3.05 3.76 1.65 3.30 5.25 1.91 3.20 5.00 1.65 3.75 5.25 2.05 3.10 4.75 1.50 4.00 6.10 1.70 3.40 5.00 1.65 3.70 5.25 2.00 2.90 4.45 1.65 4.00 5.75 2.05 3.00 4.75 1.60 3.85 5.30 2.05 2.95 4.60 1.53 3.60 5.00 1.95 3.00 5.00 1.70 3.60 5.75 1.83 3.30 5.25 0 0 0
model3:520419 1.44 4.20 6.50 1.67 3.80 5.00 1.40 4.20 6.10 1.70 3.45 4.20 1.53 4.00 6.00 1.67 3.60 5.50 1.44 4.33 7.00 1.75 3.80 5.25 1.45 3.80 5.40 1.55 3.50 4.80 1.45 4.20 6.75 1.65 3.75 4.90 1.45 4.33 7.50 1.80 4.00 4.60 1.48 3.90 6.00 1.70 3.80 4.00 1.50 4.00 6.00 1.67 3.80 5.25 1.44 4.00 6.00 1.57 3.70 5.25 0 1 0
model3:455466 6.50 3.80 1.50 5.50 3.50 1.67 5.35 3.50 1.55 4.57 3.40 1.65 6.00 3.60 1.50 5.50 3.50 1.75 7.00 4.00 1.50 6.00 3.60 1.72 6.10 4.00 1.50 4.50 3.50 1.75 6.25 3.70 1.55 5.50 3.50 1.65 8.00 4.00 1.45 6.00 3.60 1.73 6.00 3.75 1.55 5.75 3.50 1.72 7.00 3.75 1.50 5.25 3.40 1.80 6.00 3.75 1.67 5.75 3.60 1.70 1 3 0.75
model3:462849 1.73 3.20 5.00 2.00 2.90 4.00 1.78 3.10 4.30 1.95 3.10 3.55 1.75 3.10 4.75 1.95 2.90 4.00 1.85 3.10 4.00 2.05 3.10 4.00 1.85 3.00 4.20 1.85 3.00 4.20 1.80 3.10 4.90 1.90 3.05 4.25 1.90 3.20 4.60 2.10 3.12 4.20 1.75 3.10 4.60 1.95 3.00 3.75 1.80 3.25 4.50 1.95 3.20 3.90 1.75 3.10 4.60 1.85 3.05 4.00 2 1 0
model3:505261 1.67 3.50 5.00 2.00 3.20 3.60 1.85 3.38 3.65 1.96 3.20 3.47 1.91 3.10 3.80 1.95 3.10 3.80 1.66 3.50 4.75 2.00 3.30 3.80 1.90 3.20 3.60 1.90 3.20 3.60 1.85 3.30 4.30 1.95 3.15 4.05 1.70 3.60 5.25 2.00 3.30 4.00 1.65 3.50 4.75 1.95 2.95 4.00 1.80 3.40 4.00 2.00 3.30 3.40 1.83 3.25 4.00 1.85 3.15 3.80 2 2 0
model3:506019 1.33 4.80 7.50 1.44 4.33 6.00 1.27 5.10 7.50 1.27 5.10 7.50 1.30 4.75 8.00 1.40 4.33 6.50 1.33 4.75 9.50 1.40 4.50 7.50 1.25 5.00 10.00 1.35 4.50 7.30 1.35 5.00 7.75 1.35 4.95 7.00 1.36 5.20 8.50 1.44 4.80 7.00 1.33 4.75 8.50 1.40 4.50 7.00 1.30 4.80 8.50 1.40 4.33 7.00 1.30 5.00 7.50 1.33 5.00 7.00 2 2 1.25
model3:538130 1.36 4.50 7.00 1.62 3.60 6.00 1.40 4.20 6.30 1.60 3.65 4.90 1.44 4.33 7.50 1.60 3.90 6.00 1.44 4.33 7.00 1.60 3.80 6.00 1.45 4.00 7.00 1.65 3.60 5.10 1.50 4.00 7.00 1.60 3.80 6.00 1.36 5.00 8.50 1.67 3.90 6.00 1.38 4.50 8.00 1.65 3.90 5.75 1.57 3.80 5.50 1.70 3.50 5.25 1.48 4.50 7.00 1.67 3.80 5.70 2 1 0.75
model3:543981 1.35 4.50 11.00 1.40 4.20 9.50 1.25 4.70 9.50 1.40 3.65 7.75 1.30 4.50 10.00 1.36 4.50 9.50 1.28 5.00 8.50 1.36 4.50 9.50 1.25 5.50 10.30 1.30 5.00 9.00 1.30 4.90 9.00 1.35 4.30 8.75 1.29 5.40 13.00 1.36 4.75 10.50 1.25 5.00 10.50 1.36 4.33 8.75 1.22 4.80 13.00 1.36 4.50 10.00 1.30 5.25 13.00 1.36 4.70 10.00 1 0 1.25
model3:543982 1.29 4.50 10.00 1.36 4.50 9.00 1.22 5.05 10.00 1.38 3.90 7.50 1.30 4.75 10.00 1.33 5.00 9.00 1.25 4.75 12.00 1.40 4.50 8.00 1.27 5.20 10.00 1.40 4.40 7.30 1.30 4.65 10.75 1.40 4.50 7.50 1.30 5.00 11.50 1.40 4.80 9.00 1.30 4.70 11.00 1.36 4.50 9.00 1.22 4.80 13.00 1.36 4.75 9.00 1.28 5.60 13.00 1.43 5.00 8.00 3 0 1.25
model3:543147 1.60 4.20 5.00 1.80 3.75 4.20 1.52 3.90 5.05 1.70 3.55 4.10 1.45 4.10 6.00 1.80 3.75 4.33 1.44 4.33 7.00 1.80 3.75 5.00 1.50 4.00 6.10 1.67 3.80 5.00 1.53 4.00 6.50 1.63 4.00 5.00 1.40 4.20 7.50 1.83 3.90 4.50 1.50 4.15 6.00 1.80 3.80 4.50 1.53 3.80 5.50 1.83 3.80 4.33 1.57 4.33 5.75 1.82 3.80 4.33 2 2 0.75
model3:544580 1.57 4.00 4.80 1.83 3.60 4.20 1.58 3.70 4.65 1.80 3.25 3.90 1.57 3.80 6.00 1.75 3.75 4.33 1.53 3.75 7.00 1.80 3.80 4.75 1.50 3.80 5.70 1.70 3.50 4.40 1.60 3.90 5.25 1.50 4.05 6.25 1.57 4.00 5.75 1.85 3.80 4.50 1.57 3.90 5.75 1.80 3.60 4.25 1.53 3.75 5.00 1.85 3.60 4.20 1.60 3.80 5.25 1.75 3.60 4.20 1 0 0
model3:502176 1.65 3.75 4.60 2.00 3.50 3.30 1.72 3.55 3.95 1.95 3.10 3.52 1.75 3.50 4.20 1.95 3.30 3.40 1.67 3.75 5.00 1.90 3.60 3.80 1.75 3.40 4.30 2.00 3.30 3.30 1.55 4.25 5.00 1.85 3.60 3.90 1.60 4.20 5.40 2.05 3.60 3.60 1.55 4.10 5.00 1.85 3.60 3.90 1.73 3.40 4.40 1.80 3.25 3.75 1.75 3.60 4.20 1.85 3.50 3.50 2 2 0
model3:533824 8.50 4.80 1.36 5.50 4.20 1.57 6.10 4.50 1.38 6.00 4.10 1.42 8.50 5.00 1.33 6.00 4.33 1.55 9.00 5.00 1.33 6.00 4.20 1.55 9.00 5.00 1.30 5.20 4.00 1.57 9.00 5.00 1.33 6.00 4.25 1.52 10.00 5.00 1.33 5.50 4.50 1.61 7.75 5.00 1.35 6.00 4.20 1.50 12.00 4.80 1.30 7.00 4.20 1.50 8.00 5.00 1.33 5.50 4.33 1.60 0 1 1
model3:538118 1.67 3.60 5.50 2.00 3.40 3.80 1.70 3.50 4.20 1.95 3.15 3.55 1.60 3.80 5.50 1.95 3.30 4.33 1.57 3.75 6.00 2.05 3.10 4.00 1.60 3.70 5.40 1.80 3.50 4.20 1.60 3.75 6.00 1.95 3.20 4.25 1.50 4.10 7.00 2.05 3.25 4.40 1.53 3.75 6.25 1.95 3.10 4.33 1.60 4.00 5.25 1.83 3.30 4.50 1.55 4.00 5.75 1.90 3.50 4.33 5 2 0
model3:511185 1.70 3.40 4.80 1.91 3.20 4.00 1.85 3.20 3.80 1.95 3.20 3.45 1.55 3.50 6.00 2.00 3.00 3.80 1.83 3.40 4.50 2.00 3.30 3.75 1.90 3.30 3.70 1.90 3.30 3.70 1.55 3.60 6.25 2.00 3.20 3.85 1.60 3.60 6.25 1.95 3.40 4.33 1.53 3.60 6.00 1.83 3.25 4.00 1.85 3.40 4.00 1.91 3.20 4.00 1.83 3.30 4.20 1.95 3.25 3.80 3 0 0
model3:525341 1.40 4.00 8.00 1.50 3.75 6.50 1.42 3.85 6.50 1.42 3.85 6.50 1.44 3.80 7.00 1.50 3.80 6.00 1.40 4.00 7.00 1.53 3.80 6.50 1.40 4.10 7.00 1.40 4.10 7.00 1.40 4.25 7.75 1.50 3.85 6.25 1.40 4.30 9.00 1.53 4.00 6.25 1.42 4.20 6.50 1.50 4.00 6.00 1.40 4.00 8.00 1.53 3.80 6.50 1.43 4.00 6.50 1.44 3.80 6.00 2 1 1
model3:543960 1.29 4.80 10.00 1.36 4.75 8.50 1.25 4.85 9.00 1.42 3.50 8.00 1.25 5.00 12.00 1.36 4.50 9.00 1.25 5.50 11.00 1.44 4.20 7.50 1.30 5.00 9.00 1.33 4.80 8.30 1.30 5.00 10.00 1.35 4.75 8.50 1.36 4.80 8.50 1.45 4.60 7.50 1.39 4.40 7.50 1.45 4.10 7.75 1.25 4.60 12.00 1.36 4.75 9.00 1.30 5.60 11.00 1.35 5.00 10.00 1 1 1.25
model3:543931 1.30 4.50 10.00 1.36 4.33 8.00 1.27 4.55 9.00 1.27 4.55 9.00 1.29 4.75 10.00 1.36 4.20 7.50 1.28 5.00 12.00 1.33 5.00 8.50 1.25 4.85 9.00 1.35 4.25 7.75 1.25 5.25 9.75 1.30 4.65 9.75 1.29 5.00 10.50 1.40 4.33 8.00 1.26 5.00 9.25 1.40 4.50 6.00 1.25 4.80 13.00 1.36 4.25 8.50 1.25 4.80 11.00 1.30 4.50 8.50 2 1 1.25
model3:543137 1.20 6.00 12.00 1.40 4.50 8.00 1.20 5.60 10.00 1.28 4.80 8.25 1.25 6.00 10.00 1.36 5.00 9.00 1.25 6.00 10.00 1.36 5.25 10.00 1.20 5.80 13.00 1.35 4.80 7.60 1.25 5.75 11.00 1.35 4.75 9.50 1.20 6.00 13.00 1.44 4.80 8.00 1.25 6.00 9.00 1.40 4.75 8.75 1.25 5.00 12.00 1.36 5.00 9.00 1.28 6.00 12.00 1.35 5.25 9.00 3 1 0
model3:520385 1.57 3.75 4.50 1.91 3.40 4.00 1.75 3.45 3.90 1.80 3.45 3.67 1.80 3.50 4.50 1.95 3.50 3.75 1.72 3.60 4.75 2.05 3.50 4.00 1.75 3.40 3.70 1.75 3.40 3.70 1.75 3.55 4.30 1.95 3.40 3.60 1.75 3.75 4.75 2.10 3.60 3.70 1.72 3.50 4.25 1.85 3.40 3.75 1.75 3.40 4.50 2.00 3.50 3.80 1.75 3.40 4.00 1.83 3.40 3.70 2 2 0
model3:525332 1.50 4.00 6.00 1.75 3.50 4.33 1.57 3.60 4.95 1.80 3.20 4.00 1.50 3.80 6.00 1.75 3.30 4.50 1.44 4.00 6.00 1.80 3.50 4.50 1.50 3.80 5.70 1.70 3.50 4.40 1.45 4.20 6.50 1.75 3.50 4.50 1.45 4.40 7.00 1.87 3.50 4.20 1.40 4.25 6.50 1.75 3.50 4.10 1.44 4.20 7.50 1.73 3.40 4.75 1.44 4.00 7.00 1.67 3.50 4.75 1 0 0
model3:521651 1.40 4.50 6.50 1.44 4.33 6.00 1.27 5.00 7.70 1.40 4.30 5.85 1.29 5.50 8.00 1.40 5.00 7.00 1.25 5.00 9.00 1.44 4.75 6.00 1.35 4.20 7.50 1.35 4.20 7.50 1.35 5.00 6.75 1.45 4.65 5.75 1.25 5.50 13.00 1.47 4.75 6.50 1.25 5.00 12.00 1.45 4.60 5.75 1.33 5.00 7.50 1.44 4.75 6.50 1.36 4.80 6.00 1.40 4.75 6.00 3 0 0
model3:539195 6.50 4.60 1.44 6.50 4.60 1.44 6.80 4.50 1.35 6.35 4.20 1.40 8.00 5.00 1.36 7.00 4.50 1.45 10.00 5.25 1.28 6.50 4.33 1.50 7.60 4.80 1.35 6.10 4.00 1.50 8.50 4.75 1.35 6.00 4.40 1.45 7.50 4.60 1.30 5.75 4.33 1.57 8.25 4.75 1.35 6.75 4.50 1.50 9.00 4.60 1.25 7.00 4.40 1.44 8.00 5.00 1.33 6.00 4.75 1.48 4 0 0
model3:521645 1.75 3.75 4.00 2.00 3.50 3.30 1.78 3.75 3.45 1.95 3.25 3.38 1.73 3.60 4.33 1.95 3.40 3.40 1.75 3.75 4.33 1.95 3.50 3.75 1.85 3.20 3.80 1.85 3.40 3.70 1.80 3.70 4.10 2.00 3.50 3.45 1.75 3.90 4.50 2.10 3.70 3.40 1.75 3.75 4.20 1.85 3.60 3.80 1.73 3.80 4.50 2.00 3.50 3.60 1.75 3.60 4.00 1.95 3.40 3.50 2 2 0
model3:530067 1.75 3.50 5.00 2.05 3.40 3.60 1.85 3.35 3.60 1.95 3.30 3.32 1.70 3.50 4.80 1.85 3.50 4.20 1.72 3.50 5.00 1.90 3.40 4.00 1.70 3.50 4.40 1.70 3.50 4.40 1.67 3.65 5.00 1.95 3.45 3.70 1.73 3.60 5.25 2.05 3.60 3.70 1.70 3.40 4.50 1.85 3.30 3.90 1.67 3.60 4.75 2.00 3.30 4.00 1.70 3.50 5.00 1.85 3.50 3.80 2 0 0
model3:539911 1.55 3.50 6.00 1.80 3.50 4.40 1.72 3.20 4.50 1.85 3.20 3.80 1.80 3.10 4.50 1.85 3.00 4.00 1.80 3.25 5.00 1.90 3.20 4.33 1.55 3.70 5.40 1.90 3.30 3.70 1.85 3.25 4.45 1.80 3.25 4.45 1.50 3.60 5.75 1.87 3.10 3.80 1.57 3.60 6.25 1.85 3.30 4.40 1.80 3.30 4.00 1.91 3.25 3.70 1.80 3.30 4.33 1.90 3.25 4.00 2 2 0
model3:522882 1.44 4.33 7.50 1.57 4.00 5.50 1.38 4.20 6.70 1.52 3.45 6.07 1.40 4.00 7.00 1.40 4.00 7.00 1.40 4.50 7.50 1.57 4.00 6.00 1.45 4.00 7.00 1.50 3.90 6.30 1.42 4.50 7.50 1.53 4.00 6.25 1.40 4.50 9.00 1.57 4.30 6.50 1.40 4.25 8.25 1.57 4.10 6.60 1.36 4.33 10.00 1.44 4.00 7.00 1.40 4.50 7.50 1.57 4.20 6.00 0 0 0
model3:505642 1.53 4.00 5.50 1.44 4.00 6.50 1.42 4.00 6.10 1.50 4.00 5.00 1.48 4.00 6.00 1.50 4.00 5.75 1.40 4.00 7.00 1.44 4.20 7.50 1.40 3.85 6.75 1.50 3.75 5.25 1.40 4.10 7.25 1.50 4.00 5.75 1.40 4.30 9.00 1.55 4.10 6.00 1.40 4.10 7.00 1.45 3.90 6.50 1.40 4.00 6.00 1.53 3.80 5.50 1.43 4.00 6.00 1.44 4.00 5.75 1 0 0
model3:533560 1.40 4.33 5.50 1.65 3.40 3.80 1.45 4.30 5.10 1.85 3.25 3.70 1.55 4.00 5.00 1.75 3.60 4.50 1.57 4.20 5.25 1.90 3.50 4.00 1.50 4.00 6.10 1.65 3.60 5.10 1.55 4.10 5.25 1.85 3.50 3.95 1.50 4.60 5.75 1.95 3.50 3.80 1.50 4.00 5.25 1.91 3.40 3.90 1.44 4.00 5.50 1.80 3.50 4.50 1.55 4.00 5.25 1.61 4.00 4.50 0 1 0
model3:525318 1.75 3.40 4.50 1.95 3.10 4.00 1.68 3.30 4.55 1.80 3.20 4.00 1.72 3.20 5.00 1.83 3.10 4.33 1.75 3.40 4.00 1.90 3.10 4.50 1.65 3.50 4.60 1.65 3.50 4.60 1.70 3.45 5.00 1.85 3.20 4.45 1.80 3.50 4.60 1.93 3.25 4.30 1.75 3.30 4.40 1.87 3.10 4.20 1.75 3.50 4.80 1.91 3.30 4.20 1.67 3.40 4.80 1.82 3.20 4.30 1 1 0
model3:537587 1.70 3.30 5.00 1.73 3.30 4.80 1.65 3.35 4.70 1.70 3.35 4.33 1.66 3.40 5.20 1.73 3.20 4.75 1.65 3.75 5.20 1.80 3.30 4.75 1.65 3.50 4.60 1.75 3.40 4.30 1.65 3.65 4.85 1.80 3.25 4.55 1.70 3.70 5.50 1.87 3.40 4.75 1.62 3.50 5.00 1.72 3.30 4.60 1.62 3.70 4.33 1.70 3.40 4.20 1.67 3.50 4.80 1.67 3.40 4.80 0 0 0
model3:505621 1.40 4.33 7.00 1.44 4.33 6.00 1.37 4.15 6.80 1.45 4.00 5.52 1.40 4.20 7.00 1.45 4.00 6.50 1.40 4.50 7.50 1.50 4.33 6.00 1.35 4.10 6.50 1.40 4.10 6.00 1.40 4.35 6.75 1.45 4.35 6.25 1.40 4.60 8.00 1.44 4.50 7.00 1.36 4.33 7.25 1.36 4.40 7.25 1.33 4.20 7.50 1.36 4.20 7.00 1.36 4.33 6.50 1.40 4.33 6.00 5 0 0
model3:505618 1.65 3.50 5.00 1.73 3.40 4.60 1.62 3.55 4.60 1.70 3.35 4.35 1.66 3.30 5.20 1.75 3.20 4.80 1.61 3.75 5.50 1.72 3.60 4.75 1.60 3.30 4.85 1.65 3.30 4.50 1.65 3.45 5.25 1.70 3.45 4.75 1.65 3.60 5.75 1.73 3.60 5.00 1.60 3.60 5.00 1.60 3.60 5.00 1.57 3.30 5.20 1.62 3.30 4.80 1.61 3.50 4.80 1.67 3.40 4.60 2 3 0
model3:502140 5.50 4.00 1.53 4.80 3.80 1.62 5.70 3.95 1.45 5.00 3.65 1.55 6.50 3.90 1.45 5.50 3.60 1.60 7.00 4.00 1.50 5.75 4.00 1.57 6.50 3.90 1.45 5.40 3.70 1.55 6.50 4.20 1.45 5.25 3.95 1.55 7.00 4.40 1.47 5.50 4.20 1.61 6.75 4.60 1.44 5.75 4.00 1.57 6.00 4.20 1.50 5.50 4.00 1.53 5.75 4.00 1.48 5.25 3.80 1.55 1 0 0
model3:505980 1.53 4.20 5.00 1.53 4.20 5.00 1.48 4.15 5.00 1.55 3.70 4.95 1.36 4.10 8.50 1.55 3.80 5.50 1.44 4.50 6.50 1.57 4.00 5.50 1.45 3.90 6.50 1.55 3.70 5.40 1.40 4.50 7.50 1.60 4.10 5.00 1.45 4.60 6.25 1.60 4.33 5.50 1.42 4.50 6.50 1.55 4.25 5.25 1.44 4.00 7.00 1.61 3.75 5.00 1.50 4.20 5.60 1.57 4.00 5.00 3 2 0
model3:502138 1.30 5.00 8.50 1.33 4.80 7.50 1.27 5.00 7.70 1.27 5.00 7.70 1.25 5.00 11.00 1.33 4.60 8.00 1.25 6.00 10.00 1.28 5.50 9.50 1.25 5.00 10.00 1.25 5.00 10.00 1.30 5.25 8.75 1.35 4.95 7.00 1.29 5.75 10.50 1.33 5.50 9.50 1.22 6.50 12.00 1.33 5.25 8.75 1.25 5.75 10.00 1.33 5.00 7.50 1.28 5.25 8.00 1.30 5.25 7.50 3 0 0
model3:531874 4.80 3.60 1.57 4.60 3.40 1.73 4.00 3.38 1.75 3.93 3.20 1.82 6.00 3.40 1.60 4.30 3.25 1.83 4.33 3.75 1.61 4.20 3.50 1.85 4.20 3.40 1.75 3.95 3.20 1.85 5.00 3.70 1.60 4.05 3.25 1.85 5.75 3.75 1.65 3.80 3.40 2.05 5.00 3.60 1.60 4.10 3.30 1.80 4.25 3.70 1.62 4.00 3.20 1.75 5.00 3.60 1.55 3.80 3.30 1.85 0 2 0
model3:531879 1.53 4.00 5.50 1.60 3.40 4.00 1.42 4.00 6.10 1.85 3.25 3.70 1.36 4.30 8.00 1.85 3.25 4.00 1.40 4.33 6.00 1.85 3.60 3.75 1.35 4.10 7.75 1.50 3.75 5.25 1.35 4.20 8.00 1.85 3.40 4.00 1.50 4.30 6.25 1.93 3.60 3.80 1.40 4.20 7.00 1.85 3.40 3.80 1.44 4.00 5.50 1.80 3.20 3.90 1.48 4.00 5.70 1.91 3.40 3.50 2 1 0
model3:511124 1.83 3.10 4.50 2.05 3.00 3.75 1.92 3.10 3.65 2.00 3.10 3.40 1.83 3.10 4.60 1.95 3.10 3.90 1.83 3.40 4.50 2.05 3.25 3.75 1.90 3.30 3.70 1.90 3.30 3.70 1.80 3.25 4.55 1.95 3.20 4.00 1.83 3.30 4.60 2.10 3.10 3.75 1.78 3.20 4.50 1.90 3.10 4.00 1.91 3.25 4.00 1.91 3.25 4.00 1.83 3.30 4.20 1.91 3.25 4.00 1 0 0
model3:505603 1.60 3.50 5.50 2.00 3.20 3.60 1.80 3.35 3.80 2.00 3.20 3.28 1.60 3.50 5.50 1.85 3.20 4.10 1.57 3.60 5.00 2.05 3.30 3.60 1.55 3.35 5.25 1.75 3.20 4.00 1.60 3.55 5.50 1.80 3.35 4.20 1.61 3.75 6.00 2.15 3.30 3.50 1.57 3.70 5.25 1.91 3.40 3.50 1.75 3.30 3.90 1.73 3.40 4.50 1.85 3.30 3.80 1.85 3.30 3.80 1 1 0
model3:531849 1.36 4.50 7.50 1.67 3.40 5.00 1.38 4.40 6.00 1.50 3.80 5.25 1.45 4.00 6.00 1.65 3.50 5.00 1.44 4.00 6.50 1.55 3.80 5.25 1.40 3.95 6.50 1.60 3.55 4.90 1.45 4.05 6.50 1.65 3.65 4.75 1.36 4.80 8.50 1.57 3.90 6.00 1.44 4.00 6.50 1.60 3.50 5.00 1.44 3.75 6.00 1.62 3.40 5.00 1.40 3.80 7.00 1.61 3.80 4.75 0 1 0
model3:522302 1.25 5.00 8.00 1.65 3.75 4.60 1.38 4.30 6.20 1.45 3.80 5.95 1.22 5.00 14.00 1.44 3.90 7.50 1.33 4.50 8.50 1.60 3.60 4.75 1.17 5.80 13.00 1.35 4.50 7.30 1.22 5.75 10.00 1.45 4.05 6.25 1.22 5.40 12.00 1.61 4.10 5.00 1.25 5.75 10.50 1.62 4.20 4.60 1.29 4.40 8.50 1.36 4.33 7.50 1.20 5.00 11.00 1.40 4.00 7.00 2 1 0
model3:524183 1.60 3.75 5.00 2.00 3.40 4.00 1.45 3.90 5.80 1.90 3.20 3.55 1.53 4.00 6.00 1.70 3.60 5.00 1.44 4.50 6.50 2.00 3.30 3.75 1.30 4.80 8.50 1.65 3.50 4.60 1.40 4.05 7.75 1.85 3.30 4.30 1.30 4.30 9.00 2.00 3.20 4.20 1.40 4.10 8.00 2.00 3.30 4.25 1.44 4.00 5.50 1.67 3.75 5.00 1.55 3.80 6.00 1.70 3.60 4.80 1 1 0
model3:524760 1.14 6.00 12.00 1.33 4.50 8.50 1.15 6.10 12.00 1.25 5.00 8.55 1.20 5.25 14.00 1.36 4.25 8.50 1.20 6.50 9.50 1.33 4.75 10.00 1.17 5.80 13.00 1.20 5.50 12.00 1.16 6.25 12.00 1.22 5.25 10.25 1.18 6.25 18.00 1.30 5.00 11.50 1.18 6.00 12.00 1.30 5.25 7.25 1.17 6.00 10.00 1.33 4.50 9.00 1.17 5.75 11.00 1.17 5.75 11.00 0 0 0
model3:524724 1.25 5.00 8.00 1.44 4.00 6.00 1.37 4.20 6.70 1.48 3.80 5.62 1.36 4.20 8.50 1.50 3.70 6.50 1.36 4.50 7.00 1.50 4.00 7.00 1.35 4.50 7.30 1.45 3.90 6.50 1.35 4.60 7.75 1.50 3.80 6.00 1.29 5.25 10.50 1.50 4.10 6.50 1.28 5.00 8.75 1.48 4.10 5.50 1.29 4.50 8.00 1.50 3.80 6.00 1.25 4.75 9.00 1.50 3.80 5.75 2 1 0
model3:518705 1.62 4.00 4.50 1.67 4.00 4.20 1.55 3.95 4.55 1.55 3.95 4.55 1.45 4.10 6.00 1.65 3.75 4.60 1.57 4.20 5.25 1.65 4.20 4.50 1.45 3.75 5.75 1.65 3.70 4.05 1.50 3.90 6.00 1.65 3.85 4.20 1.50 4.33 6.00 1.70 4.00 4.40 1.60 4.00 4.50 1.60 4.00 4.50 1.44 4.00 5.50 1.67 4.00 4.33 1.60 3.80 4.50 1.61 3.80 4.33 4 0 0
model3:511071 1.36 4.33 8.50 1.40 4.33 7.50 1.33 4.20 7.80 1.50 3.80 5.30 1.36 4.25 8.50 1.45 3.80 7.00 1.36 5.00 7.00 1.50 4.20 6.50 1.35 4.50 7.30 1.45 3.90 6.50 1.35 4.45 8.25 1.50 3.95 6.25 1.40 4.60 8.00 1.50 4.00 6.50 1.35 4.25 8.00 1.42 4.00 7.00 1.33 4.80 8.50 1.36 4.50 8.00 1.35 4.50 8.00 1.44 4.00 6.50 1 1 0
model3:519118 1.44 3.80 6.00 2.05 3.10 5.00 1.75 3.45 3.90 1.80 3.00 4.30 1.66 3.60 5.25 1.85 3.50 4.20 1.57 3.80 6.00 1.90 3.30 4.20 1.55 3.90 5.60 1.85 3.45 4.00 1.75 3.40 4.75 1.90 3.15 4.20 1.50 4.00 7.00 2.00 3.10 4.20 1.48 3.90 6.75 1.90 3.40 4.60 1.73 3.60 4.33 1.73 3.60 4.33 1.70 3.40 4.60 1.85 3.20 4.00 1 0 0
model3:502549 1.60 4.00 5.50 1.91 3.30 4.33 1.52 3.75 5.20 1.90 3.10 3.75 1.57 3.50 6.00 1.85 3.10 4.25 1.50 4.20 6.00 1.83 3.40 4.50 1.55 3.70 5.40 1.80 3.40 4.00 1.55 3.85 5.75 1.85 3.25 4.35 1.60 3.70 6.50 1.83 3.40 4.75 1.50 3.80 5.75 1.85 3.30 3.90 1.44 3.70 6.00 2.00 3.40 3.75 1.50 3.80 5.75 1.85 3.25 4.00 0 2 0
model3:460942 1.53 3.75 5.00 1.83 3.40 4.50 1.48 3.80 5.60 1.85 3.10 3.90 1.53 3.80 6.50 1.83 3.40 4.50 1.53 3.80 6.50 1.83 3.40 4.50 1.70 3.60 4.70 1.90 3.45 3.80 1.65 3.40 5.25 1.55 3.55 5.75 1.61 3.70 5.75 1.91 3.25 4.40 1.65 3.50 5.25 1.83 3.50 4.60 1.53 3.40 5.50 1.83 3.40 4.50 1.50 3.80 6.00 1.70 3.50 4.60 2 1 0
model3:518522 1.30 5.50 9.00 1.33 4.50 7.00 1.25 5.00 8.50 1.25 5.30 7.75 1.30 4.60 10.00 1.36 4.33 7.50 1.30 5.50 9.00 1.36 4.75 8.50 1.22 5.25 9.50 1.35 4.55 6.50 1.25 5.25 8.25 1.35 4.70 6.50 1.30 5.50 9.00 1.40 4.75 7.00 1.25 5.50 8.00 1.34 4.50 7.00 1.20 5.20 10.00 1.22 5.00 9.00 1.28 5.00 8.00 1.36 4.70 6.00 0 1 0
model3:518510 1.65 4.00 4.75 1.70 3.50 4.40 1.43 4.18 5.60 1.90 3.50 3.28 1.44 4.00 7.00 1.85 3.30 4.00 1.40 4.50 6.50 1.85 3.60 4.00 1.30 4.75 8.50 1.90 3.30 3.60 1.40 4.40 6.25 1.80 3.45 3.85 1.44 4.40 7.00 2.05 3.40 3.50 1.40 4.25 6.25 1.75 3.40 4.10 1.40 4.33 5.75 1.75 3.25 4.00 1.44 4.20 5.75 1.80 3.40 3.75 0 0 0
model3:518512 1.35 5.00 7.50 1.36 4.50 6.00 1.35 4.45 6.60 1.43 4.00 6.00 1.45 4.20 6.00 1.50 4.10 6.00 1.36 4.50 7.00 1.50 4.33 6.00 1.30 4.75 8.50 1.45 4.15 5.25 1.35 4.55 6.75 1.45 4.30 5.50 1.40 4.50 8.00 1.50 4.40 5.75 1.34 4.50 7.00 1.36 4.40 6.75 1.33 4.75 6.00 1.40 4.00 6.00 1.36 4.60 6.00 1.44 4.20 5.70 0 0 0
model3:518515 1.40 4.50 7.50 1.55 4.00 5.50 1.28 4.75 8.00 1.36 4.50 6.20 1.40 4.20 7.00 1.50 4.00 6.00 1.30 5.00 8.00 1.50 4.33 6.00 1.30 4.75 8.50 1.50 4.15 5.25 1.35 4.75 7.00 1.40 4.40 6.00 1.33 5.00 8.50 1.45 4.60 6.25 1.30 4.75 7.50 1.40 4.40 6.00 1.25 4.80 8.00 1.40 4.00 5.75 1.30 4.80 7.00 1.44 4.00 5.60 4 1 0
model3:518516 1.53 4.00 6.00 1.60 3.75 4.50 1.48 3.95 5.30 1.86 3.40 3.50 1.55 3.75 5.75 1.72 3.40 4.50 1.50 4.20 5.50 1.80 3.60 4.33 1.30 4.75 8.50 1.75 3.50 3.95 1.45 4.15 5.50 1.60 3.75 4.70 1.45 4.33 7.00 1.83 3.70 4.00 1.40 4.40 6.00 1.62 3.70 4.50 1.40 4.25 5.75 1.70 3.50 4.00 1.50 4.00 5.25 1.70 3.50 4.20 2 2 0
model3:515796 1.17 6.00 15.00 1.33 4.50 9.00 1.15 6.30 12.00 1.30 4.40 8.70 1.20 6.50 13.00 1.36 4.75 10.00 1.20 6.00 15.00 1.40 4.50 8.50 1.20 5.80 13.00 1.35 4.80 7.60 1.20 6.00 16.00 1.35 4.75 9.00 1.15 7.00 15.00 1.40 4.75 9.50 1.20 7.00 11.00 1.36 5.00 9.25 1.11 6.50 13.00 1.33 5.00 9.00 1.20 6.25 13.00 1.35 4.80 9.50 2 1 0
model3:460941 1.40 4.33 8.50 1.50 4.33 6.00 1.40 4.20 6.10 1.54 3.80 4.90 1.36 4.50 9.00 1.57 4.00 5.50 1.40 4.33 8.50 1.57 4.00 5.50 1.40 4.40 7.30 1.40 4.40 7.30 1.35 4.25 7.75 1.60 3.65 5.00 1.40 4.33 8.50 1.61 3.75 5.50 1.36 4.33 8.50 1.57 4.10 6.25 1.36 4.50 5.80 1.57 3.80 4.60 1.36 4.20 7.50 1.48 3.80 6.00 2 1 0
model3:460947 1.40 4.50 8.00 1.50 4.00 7.00 1.33 4.65 6.60 1.65 3.60 4.25 1.33 5.00 8.50 1.57 4.00 5.50 1.33 5.00 9.00 1.53 4.33 5.50 1.35 4.80 7.60 1.35 4.80 7.60 1.30 4.75 8.75 1.30 4.75 8.75 1.36 4.50 9.00 1.61 3.75 5.75 1.36 4.60 7.75 1.57 3.70 5.75 1.30 4.75 7.00 1.53 3.50 5.20 1.30 4.75 9.00 1.43 4.00 6.50 2 2 0
model3:518329 1.62 3.80 4.75 1.75 3.75 4.00 1.52 3.90 4.90 1.70 3.60 3.95 1.65 3.90 4.50 1.70 3.60 4.50 1.61 4.20 4.75 1.80 3.75 4.20 1.55 3.70 5.00 1.55 3.70 5.00 1.55 3.95 4.80 1.70 3.70 4.05 1.55 4.33 5.75 1.83 3.90 4.20 1.60 4.10 4.75 1.78 3.90 4.50 1.57 3.50 5.00 1.73 3.50 4.50 1.55 3.80 4.70 1.67 3.60 4.00 1 0 0
model3:518206 1.22 6.00 13.00 1.29 5.50 10.00 1.18 5.90 10.00 1.27 4.90 8.00 1.22 6.00 12.00 1.28 5.50 9.00 1.18 7.00 13.00 1.30 5.50 9.00 1.20 5.50 12.00 1.27 5.00 9.00 1.22 5.75 11.25 1.35 5.00 8.00 1.18 6.50 12.00 1.40 5.00 8.00 1.20 6.50 12.00 1.33 5.25 7.75 1.17 6.00 10.00 1.33 5.50 8.00 1.18 5.75 11.00 1.30 4.75 7.50 2 1 0
model3:518201 1.40 4.80 7.00 1.57 4.50 5.00 1.32 4.85 6.50 1.40 4.10 6.25 1.36 5.00 7.50 1.53 4.33 5.50 1.33 5.50 7.50 1.50 4.33 6.00 1.40 4.10 7.00 1.55 4.00 5.50 1.45 4.65 6.00 1.50 4.45 5.25 1.33 4.75 8.50 1.50 4.75 5.50 1.35 4.75 7.50 1.53 4.60 5.75 1.36 4.50 7.50 1.44 4.50 7.00 1.33 4.70 7.00 1.36 4.75 6.00 1 2 0
